1675413033215 0.317160040140152 0
1675413038822 0.2893480658531189 1
1675413044376 0.2737007439136505 2
1675413049925 0.26232588291168213 3
1675413055486 0.24261508882045746 4
1675413061144 0.23756538331508636 5
1675413067059 0.22810891270637512 6
1675413073027 0.2311563640832901 7
1675413079078 0.21986104547977448 8
1675413084984 0.2138376086950302 9
1675413090553 0.21855208277702332 10
1675413096240 0.21219012141227722 11
1675413101866 0.21018631756305695 12
1675413107551 0.21027959883213043 13
1675413113546 0.19958937168121338 14
1675413119386 0.20606043934822083 15
1675413125225 0.1993228942155838 16
1675413130838 0.20837900042533875 17
1675413136369 0.20208275318145752 18
1675413142120 0.19707916676998138 19
1675413147718 0.19063754379749298 20
1675413153615 0.1957518458366394 21
1675413159531 0.1980990320444107 22
1675413165141 0.19528993964195251 23
1675413170962 0.1968291848897934 24
1675413176667 0.1912408173084259 25
1675413182236 0.1862277388572693 26
1675413187811 0.18865539133548737 27
1675413193480 0.19318020343780518 28
1675413199053 0.18311059474945068 29
1675413205261 0.19122759997844696 30
1675413211252 0.1919279545545578 31
1675413217222 0.18039263784885406 32
1675413223244 0.1887129545211792 33
1675413229126 0.17196089029312134 34
1675413234650 0.18878348171710968 35
1675413240475 0.1782303750514984 36
1675413247070 0.18532703816890717 37
1675413253023 0.17989131808280945 38
1675413258794 0.18445590138435364 39
1675413264516 0.17584146559238434 40
1675413270239 0.1814630776643753 41
1675413276021 0.1863778531551361 42
1675413281693 0.18436464667320251 43
1675413287224 0.17700999975204468 44
1675413292724 0.1756000518798828 45
1675413298237 0.17603987455368042 46
1675413303756 0.16993412375450134 47
1675413309256 0.17405499517917633 48
1675413314756 0.1733679324388504 49
1675413320273 0.17791683971881866 50
1675413325773 0.17720428109169006 51
1675413331267 0.17264853417873383 52
1675413336789 0.17394180595874786 53
1675413342383 0.18157275021076202 54
1675413347914 0.1725560426712036 55
1675413353383 0.16977721452713013 56
1675413358914 0.17628799378871918 57
1675413364587 0.17064666748046875 58
1675413370102 0.18134675920009613 59
1675413375618 0.18100853264331818 60
1675413381118 0.1738252490758896 61
1675413386761 0.16864798963069916 62
1675413392492 0.16951312124729156 63
1675413398674 0.17696548998355865 64
1675413404344 0.17131680250167847 65
1675413410070 0.17107640206813812 66
1675413415735 0.16745951771736145 67
1675413421450 0.1667618751525879 68
1675413427442 0.1706593632698059 69
1675413433166 0.1686505824327469 70
1675413439181 0.16823579370975494 71
1675413444944 0.1631627380847931 72
1675413450657 0.1681222915649414 73
1675413456216 0.16535867750644684 74
1675413461855 0.17262402176856995 75
1675413467579 0.16438132524490356 76
1675413473243 0.16755403578281403 77
1675413478949 0.16816504299640656 78
1675413484772 0.16421638429164886 79
1675413490375 0.164861261844635 80
1675413495911 0.17271393537521362 81
1675413501480 0.16958998143672943 82
1675413507252 0.16710323095321655 83
1675413512969 0.1695123314857483 84
1675413518574 0.17285512387752533 85
1675413524215 0.16668905317783356 86
1675413530333 0.16196683049201965 87
1675413535931 0.1698131263256073 88
1675413541417 0.16265204548835754 89
1675413546922 0.1612091213464737 90
1675413552426 0.17923106253147125 91
1675413557995 0.16568394005298615 92
1675413563747 0.16579656302928925 93
1675413569454 0.1597772091627121 94
1675413575235 0.16584458947181702 95
1675413580810 0.16173295676708221 96
1675413586317 0.17008386552333832 97
1675413592114 0.1620585173368454 98
1675413598234 0.16051986813545227 99
1675413603740 0.16784416139125824 100
1675413609514 0.1677079200744629 101
1675413615035 0.16040414571762085 102
1675413620508 0.15661007165908813 103
1675413626173 0.163396418094635 104
1675413631686 0.16452372074127197 105
1675413637323 0.16669179499149323 106
1675413642990 0.1619642823934555 107
1675413648476 0.16436129808425903 108
1675413653978 0.1687282919883728 109
1675413659462 0.1571052372455597 110
1675413664972 0.16184251010417938 111
1675413670684 0.1662478893995285 112
1675413676640 0.16541746258735657 113
1675413682216 0.16651202738285065 114
1675413687690 0.15295030176639557 115
1675413693168 0.16244712471961975 116
1675413698684 0.16035889089107513 117
1675413704194 0.1586277037858963 118
1675413709770 0.15876369178295135 119
1675413715448 0.16388577222824097 120
1675413721023 0.16381751000881195 121
1675413726513 0.16374824941158295 122
1675413732020 0.16871613264083862 123
1675413737495 0.1648392677307129 124
1675413742981 0.15930210053920746 125
1675413748731 0.16368530690670013 126
1675413754414 0.15843726694583893 127
1675413760018 0.16580355167388916 128
1675413765507 0.15724852681159973 129
1675413770982 0.15768276154994965 130
1675413776464 0.16196605563163757 131
1675413782023 0.19234256446361542 132
1675413787615 0.16468545794487 133
1675413793129 0.16445523500442505 134
1675413798604 0.1682744324207306 135
1675413804222 0.16106143593788147 136
1675413809738 0.17333194613456726 137
1675413815717 0.15518821775913239 138
1675413821867 0.16441784799098969 139
1675413827906 0.15897494554519653 140
1675413833493 0.16009175777435303 141
1675413838984 0.1580648422241211 142
1675413844493 0.1629175990819931 143
1675413850001 0.15996435284614563 144
1675413855536 0.163166344165802 145
1675413861022 0.1552974432706833 146
1675413866506 0.16419772803783417 147
1675413871979 0.16095590591430664 148
1675413877479 0.1579551100730896 149
