1675252658899 0.22578877210617065 0
1675252661587 0.1990995854139328 1
1675252664321 0.1818176805973053 2
1675252666946 0.1658911406993866 3
1675252669558 0.1566653996706009 4
1675252672441 0.15420621633529663 5
1675252675273 0.13788984715938568 6
1675252677845 0.1340552419424057 7
1675252680450 0.13225769996643066 8
1675252683025 0.14105699956417084 9
1675252685557 0.13801676034927368 10
1675252688072 0.1236763671040535 11
1675252690604 0.11723650246858597 12
1675252693119 0.11418846249580383 13
1675252695666 0.11310800164937973 14
1675252698167 0.10998720675706863 15
1675252700666 0.10419692099094391 16
1675252703245 0.10506054013967514 17
1675252705776 0.1022619754076004 18
1675252708276 0.10765796899795532 19
1675252710807 0.10470134019851685 20
1675252713308 0.10428809374570847 21
1675252715808 0.09807534515857697 22
1675252718277 0.10272475332021713 23
1675252720776 0.1041274219751358 24
1675252723277 0.1022198498249054 25
1675252725792 0.09571117907762527 26
1675252728277 0.10326646268367767 27
1675252730792 0.09359955042600632 28
1675252733308 0.0932258814573288 29
1675252735824 0.09998978674411774 30
1675252738324 0.09866940975189209 31
1675252740825 0.09789744764566422 32
1675252743356 0.09107286483049393 33
1675252745841 0.09197402745485306 34
1675252748437 0.09128458797931671 35
1675252751001 0.09070905297994614 36
1675252753891 0.0916486531496048 37
1675252756808 0.09155067056417465 38
1675252760010 0.08953744918107986 39
1675252762990 0.08881682902574539 40
1675252765801 0.08845597505569458 41
1675252768572 0.09182450920343399 42
1675252771381 0.08813660591840744 43
1675252774162 0.09170537441968918 44
1675252776921 0.08602221310138702 45
1675252779685 0.0870194286108017 46
1675252782479 0.08568693697452545 47
1675252785219 0.08819747716188431 48
1675252787973 0.09072746336460114 49
1675252790731 0.08980198204517365 50
1675252793529 0.08433222770690918 51
1675252796281 0.0827547088265419 52
1675252799052 0.08875923603773117 53
1675252801815 0.08413630723953247 54
1675252804570 0.08391221612691879 55
1675252807379 0.08349437266588211 56
1675252810181 0.08173831552267075 57
1675252812920 0.08366547524929047 58
1675252815686 0.08368411660194397 59
1675252818444 0.08269283920526505 60
1675252821253 0.07599844038486481 61
1675252824053 0.08451133221387863 62
1675252826820 0.08066502958536148 63
1675252829611 0.07926394790410995 64
1675252832451 0.08147028088569641 65
1675252835239 0.0813000276684761 66
1675252837984 0.07669031620025635 67
1675252840754 0.07791317999362946 68
1675252843554 0.07774971425533295 69
1675252846313 0.0777960866689682 70
1675252849105 0.07969893515110016 71
1675252851929 0.07771673053503036 72
1675252854682 0.08341371268033981 73
1675252857445 0.08058580756187439 74
1675252860221 0.07900219410657883 75
1675252863017 0.0750821903347969 76
1675252865789 0.07678985595703125 77
1675252868955 0.08126970380544662 78
1675252871755 0.0763344019651413 79
1675252874611 0.07555368542671204 80
1675252877342 0.07901155948638916 81
1675252880122 0.07483285665512085 82
1675252882889 0.07426783442497253 83
1675252885733 0.08231016248464584 84
1675252888543 0.07357694953680038 85
1675252891294 0.07708421349525452 86
1675252894051 0.07606435567140579 87
1675252896859 0.07568879425525665 88
1675252899401 0.0764327123761177 89
1675252901966 0.07394350320100784 90
1675252904474 0.07350491732358932 91
1675252906978 0.07362790405750275 92
1675252909496 0.07452122122049332 93
1675252912232 0.07580170035362244 94
1675252914887 0.07796527445316315 95
1675252917495 0.07337666302919388 96
1675252919966 0.07559363543987274 97
1675252922485 0.0757448673248291 98
1675252925086 0.07239827513694763 99
1675252927590 0.07547813653945923 100
1675252930247 0.07749883085489273 101
1675252932768 0.07424336671829224 102
1675252935237 0.0804438665509224 103
1675252937816 0.0732974261045456 104
1675252940285 0.07654827833175659 105
1675252942753 0.07091044634580612 106
1675252945347 0.07052986323833466 107
1675252947832 0.07273304462432861 108
1675252950332 0.07332698255777359 109
1675252952909 0.07472117245197296 110
1675252955459 0.07399286329746246 111
1675252957911 0.0721445083618164 112
1675252960521 0.06948109716176987 113
1675252962974 0.07853417843580246 114
1675252965506 0.07191618531942368 115
1675252968052 0.07399769872426987 116
1675252970519 0.07774534076452255 117
1675252973047 0.07634053379297256 118
1675252975484 0.07531110942363739 119
1675252978168 0.07392504811286926 120
1675252980688 0.07434640824794769 121
1675252983390 0.07039918005466461 122
1675252986337 0.07489713281393051 123
1675252988949 0.07431615889072418 124
1675252991536 0.0725681409239769 125
1675252994014 0.06890454143285751 126
1675252996450 0.0716090053319931 127
1675252998903 0.07184167206287384 128
1675253001778 0.07089920341968536 129
1675253005020 0.07082012295722961 130
1675253007489 0.07437776029109955 131
1675253009989 0.06884792447090149 132
1675253012473 0.0713958665728569 133
1675253015051 0.07459867000579834 134
1675253017491 0.07796603441238403 135
1675253019944 0.0699324905872345 136
1675253022538 0.06598397344350815 137
1675253024991 0.07000277936458588 138
1675253027549 0.07333755493164062 139
1675253030083 0.06864479184150696 140
1675253032566 0.07107295095920563 141
1675253035163 0.07239008694887161 142
1675253037757 0.07196927070617676 143
1675253040241 0.07134115695953369 144
1675253042741 0.06990666687488556 145
1675253045194 0.07518643885850906 146
1675253047741 0.07139728218317032 147
1675253050211 0.07225824892520905 148
1675253052679 0.069168820977211 149
