1675417498316 0.4076972007751465 0
1675417501108 0.3891694247722626 1
1675417503964 0.37417152523994446 2
1675417506804 0.3593771457672119 3
1675417509398 0.335344523191452 4
1675417512270 0.2930109202861786 5
1675417514875 0.2920074164867401 6
1675417517603 0.26609006524086 7
1675417520278 0.24001960456371307 8
1675417522949 0.24195848405361176 9
1675417525605 0.2640781104564667 10
1675417528302 0.2826763987541199 11
1675417530896 0.25208863615989685 12
1675417533493 0.2309619039297104 13
1675417536144 0.2313385307788849 14
1675417539031 0.21910694241523743 15
1675417542059 0.2124871015548706 16
1675417544941 0.20956653356552124 17
1675417547665 0.3129691183567047 18
1675417550251 0.22306771576404572 19
1675417552879 0.20814917981624603 20
1675417555611 0.19672098755836487 21
1675417558225 0.18154729902744293 22
1675417560811 0.19008274376392365 23
1675417563393 0.18457730114459991 24
1675417566000 0.1807803213596344 25
1675417568627 0.1773722767829895 26
1675417571299 0.16867423057556152 27
1675417574250 0.16721272468566895 28
1675417577246 0.15257933735847473 29
1675417579886 0.15475650131702423 30
1675417582591 0.14851155877113342 31
1675417585280 0.1473907083272934 32
1675417587941 0.14614585041999817 33
1675417590650 0.14246690273284912 34
1675417593335 0.1380014419555664 35
1675417596117 0.13718999922275543 36
1675417598869 0.1403217911720276 37
1675417601442 0.1381336748600006 38
1675417604025 0.14122360944747925 39
1675417606587 0.1381048709154129 40
1675417609195 0.13850241899490356 41
1675417611782 0.13484475016593933 42
1675417614361 0.14192283153533936 43
1675417617208 0.13697905838489532 44
1675417620068 0.13828997313976288 45
1675417622816 0.1336793154478073 46
1675417625453 0.13499946892261505 47
1675417628188 0.13508309423923492 48
1675417630877 0.13208000361919403 49
1675417633452 0.1336301565170288 50
1675417636064 0.1343245953321457 51
1675417638676 0.1360054612159729 52
1675417641755 0.13317963480949402 53
1675417644433 0.1365033984184265 54
1675417647081 0.1335284560918808 55
1675417649798 0.1297951638698578 56
1675417652432 0.13499000668525696 57
1675417655092 0.1299627125263214 58
1675417657698 0.12896767258644104 59
1675417660415 0.1300698220729828 60
1675417663015 0.13066287338733673 61
1675417665686 0.13372771441936493 62
1675417668282 0.13091127574443817 63
1675417670883 0.13072729110717773 64
1675417673581 0.13143250346183777 65
1675417676148 0.1274797022342682 66
1675417678744 0.12738020718097687 67
1675417681334 0.12711374461650848 68
1675417683933 0.12776221334934235 69
1675417686555 0.12744368612766266 70
1675417689166 0.12447898089885712 71
1675417691788 0.13074789941310883 72
1675417694465 0.12537291646003723 73
1675417697100 0.1343153417110443 74
1675417699733 0.13213086128234863 75
1675417702391 0.13237552344799042 76
1675417704968 0.12739348411560059 77
1675417707514 0.12928125262260437 78
1675417710079 0.12807314097881317 79
1675417712597 0.12571880221366882 80
1675417715175 0.1248282715678215 81
1675417717715 0.12643927335739136 82
1675417720355 0.1323380321264267 83
1675417722885 0.12328183650970459 84
1675417725465 0.1189362034201622 85
1675417728034 0.12765388190746307 86
1675417730632 0.12326867878437042 87
1675417733150 0.12665441632270813 88
1675417735801 0.1281762719154358 89
1675417738449 0.12457307428121567 90
1675417741014 0.12238433957099915 91
1675417743530 0.12105986475944519 92
1675417746096 0.12040106952190399 93
1675417748668 0.12374094873666763 94
1675417751217 0.12345390766859055 95
1675417753732 0.11948178708553314 96
1675417756282 0.11976450681686401 97
1675417758886 0.1175936684012413 98
1675417761401 0.12236537039279938 99
1675417763987 0.12354080379009247 100
1675417766498 0.12161150574684143 101
1675417769036 0.12190958112478256 102
1675417771569 0.11640007793903351 103
1675417774148 0.11580925434827805 104
1675417776666 0.12208057194948196 105
1675417779199 0.11785829812288284 106
1675417781802 0.1176886036992073 107
1675417784335 0.1185503751039505 108
1675417786929 0.11961212009191513 109
1675417789468 0.11635702103376389 110
1675417792001 0.11823838204145432 111
1675417794585 0.11861342191696167 112
1675417797132 0.11899218708276749 113
1675417799698 0.11687231808900833 114
1675417802237 0.11785971373319626 115
1675417804776 0.11288373172283173 116
1675417807452 0.11789169907569885 117
1675417810100 0.11243943125009537 118
1675417812641 0.11706659942865372 119
1675417815182 0.11772160977125168 120
1675417817754 0.11566951870918274 121
1675417820303 0.11593074351549149 122
1675417822833 0.1170925423502922 123
1675417825386 0.11452259868383408 124
1675417827922 0.11646918207406998 125
1675417830467 0.11340253055095673 126
1675417833004 0.11328042298555374 127
1675417835553 0.11267278343439102 128
1675417838118 0.11602722853422165 129
1675417840661 0.11523918062448502 130
1675417843203 0.11804258078336716 131
1675417845756 0.11882531642913818 132
1675417848255 0.11671079695224762 133
1675417850785 0.11619336158037186 134
1675417853404 0.11528234928846359 135
1675417855923 0.11509635299444199 136
1675417858489 0.11292769759893417 137
1675417861053 0.122138112783432 138
1675417863584 0.1113847866654396 139
1675417866156 0.11591190844774246 140
1675417868703 0.11577121913433075 141
1675417871272 0.11627197265625 142
1675417873819 0.1130560040473938 143
1675417876356 0.11515504121780396 144
1675417878908 0.1194043979048729 145
1675417881445 0.11840017139911652 146
1675417884021 0.1210886687040329 147
1675417886572 0.11656129360198975 148
1675417889103 0.11453621089458466 149
