1675411119869 0.3345581293106079 0
1675411124683 0.30773335695266724 1
1675411129581 0.28108832240104675 2
1675411134538 0.24175703525543213 3
1675411139425 0.2268783301115036 4
1675411144263 0.1987229734659195 5
1675411149089 0.1911494880914688 6
1675411153898 0.1700565218925476 7
1675411158705 0.16239134967327118 8
1675411163505 0.1728161871433258 9
1675411168287 0.1602674126625061 10
1675411173483 0.19942283630371094 11
1675411178318 0.19472607970237732 12
1675411183188 0.1779738962650299 13
1675411188131 0.1585800051689148 14
1675411192944 0.1719828099012375 15
1675411197851 0.14991238713264465 16
1675411202812 0.15311750769615173 17
1675411207733 0.14018204808235168 18
1675411212785 0.14534585177898407 19
1675411217870 0.14013099670410156 20
1675411223375 0.13737383484840393 21
1675411228493 0.14744269847869873 22
1675411233482 0.15263092517852783 23
1675411238583 0.13226382434368134 24
1675411243401 0.13103652000427246 25
1675411248324 0.1275027096271515 26
1675411253562 0.13107611238956451 27
1675411258524 0.12119380384683609 28
1675411263492 0.12796752154827118 29
1675411268320 0.12891457974910736 30
1675411273289 0.12677834928035736 31
1675411278138 0.12430819123983383 32
1675411282907 0.11339020729064941 33
1675411287688 0.1180085837841034 34
1675411292454 0.11208047717809677 35
1675411297229 0.11788994818925858 36
1675411302003 0.11883524805307388 37
1675411306784 0.10627423971891403 38
1675411311534 0.11775151640176773 39
1675411316297 0.11616497486829758 40
1675411321059 0.11609277129173279 41
1675411325809 0.10940340161323547 42
1675411330593 0.1099076122045517 43
1675411335363 0.1141425147652626 44
1675411340206 0.11231555789709091 45
1675411345134 0.11187716573476791 46
1675411350094 0.11433069407939911 47
1675411354936 0.11034302413463593 48
1675411359745 0.10632701963186264 49
1675411364724 0.10850038379430771 50
1675411370121 0.10969451814889908 51
1675411375560 0.10945133864879608 52
1675411380412 0.10322505235671997 53
1675411385199 0.10320626944303513 54
1675411390186 0.10779689997434616 55
1675411394942 0.11303506046533585 56
1675411399715 0.11703149974346161 57
1675411404590 0.10642913728952408 58
1675411409391 0.10373200476169586 59
1675411414168 0.10590694844722748 60
1675411418948 0.10495356470346451 61
1675411423716 0.10515693575143814 62
1675411428546 0.105282261967659 63
1675411433499 0.10632888227701187 64
1675411438262 0.10488586127758026 65
1675411443121 0.10003086924552917 66
1675411448035 0.10951761156320572 67
1675411452992 0.10104966163635254 68
1675411457774 0.1063704788684845 69
1675411462711 0.10346280038356781 70
1675411467694 0.1031678169965744 71
1675411472481 0.10314848273992538 72
1675411477463 0.1018461212515831 73
1675411482415 0.10212260484695435 74
1675411487935 0.10956437885761261 75
1675411493140 0.10261505097150803 76
1675411498224 0.09996464848518372 77
1675411503382 0.10593539476394653 78
1675411508454 0.10585508495569229 79
1675411513221 0.1014099046587944 80
1675411518049 0.10613608360290527 81
1675411522970 0.10178006440401077 82
1675411527855 0.09875139594078064 83
1675411532646 0.0991770476102829 84
1675411537411 0.09893977642059326 85
1675411542191 0.10009664297103882 86
1675411546960 0.10411171615123749 87
1675411551773 0.10099577903747559 88
1675411556701 0.09943567961454391 89
1675411561563 0.10324036329984665 90
1675411566362 0.10493283718824387 91
1675411571257 0.101063072681427 92
1675411576128 0.09733515232801437 93
1675411580973 0.09827114641666412 94
1675411585979 0.1039125919342041 95
1675411590936 0.10631747543811798 96
1675411595920 0.10011696815490723 97
1675411600853 0.09952462464570999 98
1675411605781 0.09845536947250366 99
1675411610588 0.10051899403333664 100
1675411615436 0.1001259833574295 101
1675411620248 0.10144741088151932 102
1675411625124 0.10050241649150848 103
1675411629943 0.1019265353679657 104
1675411635178 0.09940061718225479 105
1675411640130 0.10224727541208267 106
1675411644944 0.10153365880250931 107
1675411649749 0.10119975358247757 108
1675411654553 0.09862571209669113 109
1675411659313 0.09900609403848648 110
1675411664101 0.10118330270051956 111
1675411668882 0.09862097352743149 112
1675411673649 0.0963839590549469 113
1675411678431 0.10028473287820816 114
1675411683224 0.10356666147708893 115
1675411688007 0.10206364095211029 116
1675411692796 0.09624817222356796 117
1675411697594 0.10220113396644592 118
1675411702390 0.09997637569904327 119
1675411707155 0.09875687956809998 120
1675411711951 0.09907708317041397 121
1675411716751 0.09782841056585312 122
1675411721658 0.10097382962703705 123
1675411726427 0.09962058812379837 124
1675411731233 0.100224569439888 125
1675411736294 0.10351003706455231 126
1675411741600 0.0990036353468895 127
1675411747011 0.09723011404275894 128
1675411752575 0.0973864495754242 129
1675411758218 0.09900033473968506 130
1675411763027 0.09905969351530075 131
1675411767828 0.09635898470878601 132
1675411772743 0.09153531491756439 133
1675411777625 0.09945740550756454 134
1675411782625 0.0998622328042984 135
1675411787454 0.10119286179542542 136
1675411792251 0.09853323549032211 137
1675411797049 0.09835262596607208 138
1675411801876 0.09856130927801132 139
1675411806657 0.10053478181362152 140
1675411811806 0.09504472464323044 141
1675411816614 0.10023604333400726 142
1675411821604 0.09608165919780731 143
1675411826713 0.09809282422065735 144
1675411831736 0.09889713674783707 145
1675411836654 0.09439411014318466 146
1675411841507 0.09670282900333405 147
1675411846262 0.10232875496149063 148
1675411851084 0.09889840334653854 149
