1675247458490 0.23635420203208923 0
1675247461447 0.21468856930732727 1
1675247464240 0.1959550678730011 2
1675247466960 0.17896248400211334 3
1675247470081 0.1628909707069397 4
1675247473139 0.15315638482570648 5
1675247476111 0.13246209919452667 6
1675247479210 0.1259564906358719 7
1675247482055 0.1355241984128952 8
1675247484888 0.12470285594463348 9
1675247487911 0.11687415838241577 10
1675247490680 0.10577315837144852 11
1675247493244 0.1249094232916832 12
1675247495849 0.10915493220090866 13
1675247498421 0.09829460084438324 14
1675247501061 0.09983102232217789 15
1675247504063 0.09862038493156433 16
1675247507026 0.09727971255779266 17
1675247509881 0.09387070685625076 18
1675247512718 0.08715876191854477 19
1675247515579 0.08218980580568314 20
1675247518437 0.08423430472612381 21
1675247521280 0.09033802896738052 22
1675247524181 0.086994469165802 23
1675247526818 0.08474301546812057 24
1675247529469 0.08189272880554199 25
1675247532040 0.08484556525945663 26
1675247534702 0.07833819091320038 27
1675247537247 0.07926178723573685 28
1675247539995 0.07617852836847305 29
1675247542705 0.07660318911075592 30
1675247545422 0.07814989238977432 31
1675247547997 0.07451558113098145 32
1675247550577 0.07778303325176239 33
1675247553156 0.07911107689142227 34
1675247555714 0.07209541648626328 35
1675247558242 0.0729534700512886 36
1675247560796 0.07151658833026886 37
1675247563348 0.07247477024793625 38
1675247565879 0.06745471060276031 39
1675247568416 0.07106063514947891 40
1675247570982 0.0665585920214653 41
1675247573511 0.06806067377328873 42
1675247576048 0.06874783337116241 43
1675247578797 0.06940224766731262 44
1675247581670 0.06555132567882538 45
1675247584232 0.0658048540353775 46
1675247586820 0.06192602217197418 47
1675247589412 0.06777863204479218 48
1675247591997 0.06293188035488129 49
1675247594514 0.06131141632795334 50
1675247597209 0.06450752168893814 51
1675247599900 0.06262167543172836 52
1675247602502 0.06358535587787628 53
1675247605051 0.06746028363704681 54
1675247607594 0.059679508209228516 55
1675247610266 0.061797332018613815 56
1675247613288 0.0603349469602108 57
1675247616350 0.06357689201831818 58
1675247619262 0.06322973966598511 59
1675247622154 0.0629856064915657 60
1675247625009 0.057663705199956894 61
1675247627818 0.05666620284318924 62
1675247630682 0.058379482477903366 63
1675247633484 0.06050119549036026 64
1675247636391 0.0590534508228302 65
1675247639186 0.05736225098371506 66
1675247642004 0.058909833431243896 67
1675247644684 0.057786136865615845 68
1675247647292 0.05910639092326164 69
1675247649877 0.05571269616484642 70
1675247652453 0.05468155816197395 71
1675247655014 0.054372530430555344 72
1675247658000 0.05385126546025276 73
1675247660618 0.055028654634952545 74
1675247663210 0.056820061057806015 75
1675247665812 0.05592142418026924 76
1675247668413 0.05817636102437973 77
1675247670956 0.056496284902095795 78
1675247673582 0.05405227839946747 79
1675247676162 0.0545211099088192 80
1675247678756 0.056854497641325 81
1675247681381 0.05679640173912048 82
1675247684022 0.055031631141901016 83
1675247686598 0.05583525076508522 84
1675247689323 0.05776865407824516 85
1675247691917 0.054145198315382004 86
1675247694823 0.05804786458611488 87
1675247697447 0.05501479655504227 88
1675247699978 0.05286020040512085 89
1675247702496 0.055048663169145584 90
1675247705027 0.054374344646930695 91
1675247707555 0.05644289404153824 92
1675247710352 0.05415972322225571 93
1675247712993 0.0511687695980072 94
1675247715633 0.05297085642814636 95
1675247718250 0.054234717041254044 96
1675247720788 0.05236658826470375 97
1675247723344 0.052483439445495605 98
1675247725954 0.0535176582634449 99
1675247728454 0.0480046272277832 100
1675247730938 0.05388982594013214 101
1675247733485 0.050578609108924866 102
1675247735969 0.04967076703906059 103
1675247738485 0.0508512444794178 104
1675247741050 0.049883633852005005 105
1675247743565 0.05326475575566292 106
1675247746128 0.053877510130405426 107
1675247748764 0.055916428565979004 108
1675247751265 0.05337399244308472 109
1675247753765 0.05420573055744171 110
1675247756250 0.05263589322566986 111
1675247758828 0.050271451473236084 112
1675247761417 0.04905112832784653 113
1675247763954 0.051612671464681625 114
1675247766462 0.05059930309653282 115
1675247769020 0.048839785158634186 116
1675247771645 0.05105995759367943 117
1675247774176 0.05315959081053734 118
1675247776801 0.05244148150086403 119
1675247779334 0.05130656063556671 120
1675247782015 0.049475766718387604 121
1675247784562 0.05134349688887596 122
1675247787184 0.04602174088358879 123
1675247789941 0.04943393915891647 124
1675247792459 0.046621665358543396 125
1675247794974 0.04931552708148956 126
1675247797476 0.05211833119392395 127
1675247799976 0.05214756354689598 128
1675247802476 0.0499720424413681 129
1675247804991 0.052197325974702835 130
1675247807713 0.05206407979130745 131
1675247810306 0.05155410245060921 132
1675247812789 0.05118054896593094 133
1675247815367 0.04756753519177437 134
1675247817867 0.053216900676488876 135
1675247820417 0.05072946473956108 136
1675247822901 0.04852846637368202 137
1675247825438 0.051047228276729584 138
1675247827967 0.05279020220041275 139
1675247830461 0.047969792038202286 140
1675247832980 0.049356114119291306 141
1675247835464 0.05097037926316261 142
1675247837995 0.04994450509548187 143
1675247840480 0.048821430653333664 144
1675247843012 0.046731431037187576 145
1675247845512 0.04973418638110161 146
1675247848059 0.04952242970466614 147
1675247850583 0.04902756214141846 148
1675247853083 0.04761531203985214 149
