1675250048004 0.24675196409225464 0
1675250050817 0.22881613671779633 1
1675250053645 0.22027428448200226 2
1675250056536 0.2049272507429123 3
1675250059380 0.19425570964813232 4
1675250062239 0.17879930138587952 5
1675250064959 0.17263971269130707 6
1675250067739 0.16618600487709045 7
1675250070506 0.14869330823421478 8
1675250073302 0.1353401243686676 9
1675250076099 0.1522558033466339 10
1675250078881 0.14914819598197937 11
1675250081630 0.12868665158748627 12
1675250084428 0.13747520744800568 13
1675250087240 0.12357082962989807 14
1675250090116 0.11297112703323364 15
1675250092913 0.11550849676132202 16
1675250095709 0.11010676622390747 17
1675250098663 0.12530887126922607 18
1675250101444 0.12330954521894455 19
1675250104241 0.11908049881458282 20
1675250107038 0.11647472530603409 21
1675250109835 0.10733000189065933 22
1675250112616 0.09859281033277512 23
1675250115460 0.09586097300052643 24
1675250118413 0.09714443236589432 25
1675250121212 0.09782975912094116 26
1675250124054 0.09014996886253357 27
1675250127054 0.09194042533636093 28
1675250130007 0.09260080754756927 29
1675250132805 0.09047677367925644 30
1675250135617 0.09062790870666504 31
1675250138367 0.08632731437683105 32
1675250141133 0.08730094879865646 33
1675250143930 0.08618107438087463 34
1675250146696 0.08551861345767975 35
1675250149430 0.08459790796041489 36
1675250152258 0.08802086114883423 37
1675250155258 0.08446584641933441 38
1675250158103 0.08337969332933426 39
1675250160900 0.08281603455543518 40
1675250163696 0.08198029547929764 41
1675250166587 0.08112838864326477 42
1675250169415 0.07953571528196335 43
1675250172353 0.0817391574382782 44
1675250175198 0.07987882941961288 45
1675250178072 0.07857903093099594 46
1675250180917 0.07736363261938095 47
1675250183791 0.07565274089574814 48
1675250186573 0.0790017768740654 49
1675250189525 0.07759591937065125 50
1675250192338 0.07598079741001129 51
1675250195213 0.07541130483150482 52
1675250198057 0.07526940107345581 53
1675250200916 0.07514821738004684 54
1675250203652 0.07432688772678375 55
1675250206369 0.07317755371332169 56
1675250209057 0.07140985131263733 57
1675250211870 0.0724283829331398 58
1675250214573 0.07050847262144089 59
1675250217308 0.07109364867210388 60
1675250220120 0.06851118803024292 61
1675250222823 0.07099752128124237 62
1675250225557 0.07022515684366226 63
1675250228230 0.068113774061203 64
1675250230870 0.0687846839427948 65
1675250233573 0.06769409030675888 66
1675250236308 0.0689300000667572 67
1675250239090 0.06826941668987274 68
1675250241809 0.07390349358320236 69
1675250244542 0.07099654525518417 70
1675250247246 0.07013648003339767 71
1675250249950 0.06871496140956879 72
1675250252716 0.06800008565187454 73
1675250255443 0.07115184515714645 74
1675250258138 0.06879813224077225 75
1675250260934 0.07048461586236954 76
1675250263685 0.06757593154907227 77
1675250266436 0.06670209020376205 78
1675250269138 0.06518581509590149 79
1675250271982 0.06989801675081253 80
1675250274715 0.06638450920581818 81
1675250277435 0.06510449200868607 82
1675250280169 0.06608057767152786 83
1675250282904 0.06503679603338242 84
1675250285638 0.06552769988775253 85
1675250288326 0.06409305334091187 86
1675250291154 0.06421682238578796 87
1675250293888 0.06565120071172714 88
1675250296607 0.06660018861293793 89
1675250299326 0.0668533593416214 90
1675250302139 0.06412844359874725 91
1675250304864 0.06466084718704224 92
1675250307832 0.06717894226312637 93
1675250310569 0.06376959383487701 94
1675250313397 0.0627586618065834 95
1675250316131 0.06486498564481735 96
1675250319048 0.06497389823198318 97
1675250321890 0.06361454725265503 98
1675250324711 0.06488098204135895 99
1675250327439 0.06217389926314354 100
1675250330140 0.06299000978469849 101
1675250332827 0.06274448335170746 102
1675250335640 0.06344950199127197 103
1675250338498 0.06255334615707397 104
1675250341344 0.06413819640874863 105
1675250344129 0.06318079680204391 106
1675250346874 0.06420105695724487 107
1675250349720 0.06111752614378929 108
1675250352414 0.06207006424665451 109
1675250355062 0.061233896762132645 110
1675250357739 0.06309475749731064 111
1675250360416 0.0623500719666481 112
1675250363198 0.06260611861944199 113
1675250366062 0.06247129663825035 114
1675250368719 0.06183141469955444 115
1675250371408 0.061712685972452164 116
1675250374188 0.061377063393592834 117
1675250376891 0.06089654937386513 118
1675250379579 0.06372646242380142 119
1675250382282 0.06160736829042435 120
1675250384970 0.06213358789682388 121
1675250387704 0.0629987120628357 122
1675250390467 0.059794824570417404 123
1675250393189 0.06364092230796814 124
1675250395877 0.06275492906570435 125
1675250398674 0.06071578338742256 126
1675250401408 0.060313817113637924 127
1675250404128 0.06116815656423569 128
1675250406861 0.06244881451129913 129
1675250409580 0.06281891465187073 130
1675250412408 0.06012282893061638 131
1675250415128 0.061069194227457047 132
1675250417848 0.061754532158374786 133
1675250420549 0.061516713351011276 134
1675250423268 0.06012547388672829 135
1675250426034 0.05885852128267288 136
1675250428720 0.06011028215289116 137
1675250431408 0.06136194244027138 138
1675250434252 0.061812303960323334 139
1675250436943 0.0613408125936985 140
1675250439737 0.06037861481308937 141
1675250442424 0.06063405051827431 142
1675250445239 0.06042392551898956 143
1675250447945 0.05989330634474754 144
1675250450659 0.05802784860134125 145
1675250453456 0.06006711721420288 146
1675250456190 0.06343042850494385 147
1675250458941 0.062196291983127594 148
1675250461847 0.06305529177188873 149
