1676889522127 0.39087387919425964 0
1676889525745 0.3553656339645386 1
1676889529241 0.30403777956962585 2
1676889533048 0.2533440887928009 3
1676889536573 0.23118826746940613 4
1676889540258 0.20916251838207245 5
1676889543798 0.2042912095785141 6
1676889547362 0.20443817973136902 7
1676889550914 0.1902785748243332 8
1676889554432 0.2126123011112213 9
1676889557964 0.1867704838514328 10
1676889561501 0.1729850172996521 11
1676889565078 0.1821904331445694 12
1676889568585 0.17172886431217194 13
1676889572119 0.15127718448638916 14
1676889575720 0.1704561412334442 15
1676889579314 0.1730380356311798 16
1676889583294 0.16505122184753418 17
1676889587141 0.18419620394706726 18
1676889590807 0.1592038869857788 19
1676889594389 0.15437108278274536 20
1676889597983 0.14414463937282562 21
1676889601509 0.1550886034965515 22
1676889605034 0.14901746809482574 23
1676889608577 0.14204739034175873 24
1676889612087 0.14142322540283203 25
1676889615867 0.14725203812122345 26
1676889619432 0.1502172350883484 27
1676889622936 0.13565291464328766 28
1676889626451 0.13741885125637054 29
1676889629946 0.13411983847618103 30
1676889633520 0.13475461304187775 31
1676889637076 0.1336084008216858 32
1676889640682 0.12941984832286835 33
1676889644235 0.1342288702726364 34
1676889647805 0.1208728775382042 35
1676889651344 0.11918485909700394 36
1676889654836 0.12398097664117813 37
1676889658473 0.12295206636190414 38
1676889662041 0.120857372879982 39
1676889665568 0.10927126556634903 40
1676889669365 0.11343155801296234 41
1676889673445 0.1097186803817749 42
1676889677116 0.11293350905179977 43
1676889680778 0.1116013452410698 44
1676889684461 0.10192493349313736 45
1676889688331 0.10953567922115326 46
1676889691963 0.10725641995668411 47
1676889695621 0.10510505735874176 48
1676889699245 0.10842012614011765 49
1676889702784 0.10479314625263214 50
1676889706509 0.10212553292512894 51
1676889710165 0.10434521734714508 52
1676889713776 0.10227394849061966 53
1676889717382 0.10341248661279678 54
1676889721015 0.10504563897848129 55
1676889724509 0.10453928261995316 56
1676889728066 0.10639629513025284 57
1676889731618 0.10166773200035095 58
1676889735164 0.098610520362854 59
1676889738711 0.10037591308355331 60
1676889742222 0.1013011783361435 61
1676889745810 0.09853121638298035 62
1676889749402 0.0994359701871872 63
1676889752857 0.0983884185552597 64
1676889756445 0.10107862949371338 65
1676889759950 0.10230275243520737 66
1676889763431 0.09979467839002609 67
1676889766958 0.09810895472764969 68
1676889770532 0.09902477264404297 69
1676889774041 0.09760917723178864 70
1676889777503 0.09532566368579865 71
1676889780999 0.09799538552761078 72
1676889784457 0.09804518520832062 73
1676889788000 0.096360944211483 74
1676889791536 0.10098815709352493 75
1676889795412 0.09919029474258423 76
1676889799359 0.09596752375364304 77
1676889802949 0.10032373666763306 78
1676889806515 0.09611966460943222 79
1676889810260 0.09825893491506577 80
1676889813871 0.09624864161014557 81
1676889817962 0.0983697921037674 82
1676889821577 0.09919833391904831 83
1676889825153 0.09536243230104446 84
1676889828665 0.09303402900695801 85
1676889832190 0.09772169589996338 86
1676889835713 0.09562209248542786 87
1676889839256 0.09604843705892563 88
1676889842881 0.09462052583694458 89
1676889846830 0.09548188000917435 90
1676889851026 0.09761488437652588 91
1676889854744 0.09807334095239639 92
1676889858528 0.09627857804298401 93
1676889862347 0.10091420263051987 94
1676889865997 0.09680382162332535 95
1676889869615 0.09573270380496979 96
1676889873297 0.09575892984867096 97
1676889877017 0.09373533725738525 98
1676889880599 0.09354251623153687 99
1676889884282 0.09614906460046768 100
1676889887836 0.09645211696624756 101
1676889891370 0.09678555279970169 102
1676889894880 0.09436509013175964 103
1676889898420 0.09514755010604858 104
1676889901952 0.09370708465576172 105
1676889905614 0.0947563424706459 106
1676889909400 0.09590134769678116 107
1676889913050 0.09600847959518433 108
1676889916776 0.09056100249290466 109
1676889920513 0.09740662574768066 110
1676889924546 0.0915144681930542 111
1676889928425 0.09152591973543167 112
1676889932280 0.09352292120456696 113
1676889936351 0.09451890736818314 114
1676889940142 0.09759213030338287 115
1676889943810 0.09298175573348999 116
1676889947433 0.09297814965248108 117
1676889951136 0.09132977575063705 118
1676889954642 0.09605430066585541 119
1676889958118 0.09285350143909454 120
1676889961631 0.0946904867887497 121
1676889965110 0.09347482770681381 122
1676889968591 0.09124398976564407 123
1676889972958 0.09403371810913086 124
1676889976491 0.09260106086730957 125
1676889979972 0.09405551105737686 126
1676889983643 0.09052369743585587 127
1676889987199 0.09449023753404617 128
1676889990685 0.09269662201404572 129
1676889994216 0.09472434967756271 130
1676889997787 0.0946386307477951 131
1676890001361 0.09209992736577988 132
1676890004856 0.09392765164375305 133
1676890008367 0.08979757875204086 134
1676890011934 0.09160230308771133 135
1676890016079 0.09816329926252365 136
1676890019802 0.09617888927459717 137
1676890023332 0.09304781258106232 138
1676890026837 0.09030765295028687 139
1676890030433 0.09289773553609848 140
1676890033997 0.09059671312570572 141
1676890037937 0.09477127343416214 142
1676890041884 0.09147708117961884 143
1676890045882 0.09107887744903564 144
1676890049751 0.09166858345270157 145
1676890053299 0.0881495252251625 146
1676890056875 0.09460103511810303 147
1676890060581 0.10029246658086777 148
1676890064348 0.10516770929098129 149
