1677065912349 0.4490082561969757 0
1677065919596 0.4344223737716675 1
1677065926625 0.4128015339374542 2
1677065933474 0.3951244354248047 3
1677065940306 0.3635578155517578 4
1677065947225 0.33609217405319214 5
1677065954175 0.32059991359710693 6
1677065961016 0.314418762922287 7
1677065967882 0.3023587763309479 8
1677065974688 0.29710108041763306 9
1677065981517 0.28429171442985535 10
1677065988323 0.27956274151802063 11
1677065995116 0.26374727487564087 12
1677066001922 0.2525396943092346 13
1677066008731 0.23338985443115234 14
1677066015517 0.23548182845115662 15
1677066022331 0.2262975424528122 16
1677066029109 0.2178528755903244 17
1677066035931 0.2119530439376831 18
1677066042743 0.2069038599729538 19
1677066049566 0.2035050392150879 20
1677066056375 0.20277737081050873 21
1677066063217 0.20261962711811066 22
1677066070009 0.20079167187213898 23
1677066076837 0.19639678299427032 24
1677066083663 0.19456690549850464 25
1677066090474 0.19573459029197693 26
1677066097273 0.19207355380058289 27
1677066104074 0.19050663709640503 28
1677066110867 0.19077162444591522 29
1677066117680 0.18864235281944275 30
1677066124550 0.18649041652679443 31
1677066131379 0.19265307486057281 32
1677066138260 0.18700513243675232 33
1677066145091 0.19060024619102478 34
1677066151940 0.18742267787456512 35
1677066158823 0.18660975992679596 36
1677066165696 0.1827080100774765 37
1677066172573 0.18836040794849396 38
1677066179468 0.19199886918067932 39
1677066186326 0.18454265594482422 40
1677066193235 0.18405987322330475 41
1677066200088 0.18313336372375488 42
1677066207007 0.18339525163173676 43
1677066213873 0.18165023624897003 44
1677066220763 0.18454806506633759 45
1677066227674 0.19110317528247833 46
1677066234560 0.19072459638118744 47
1677066241451 0.18600882589817047 48
1677066248370 0.1868339627981186 49
1677066255255 0.18784435093402863 50
1677066262165 0.1816192865371704 51
1677066269040 0.17905084788799286 52
1677066275954 0.18116511404514313 53
1677066282840 0.1833675354719162 54
1677066289750 0.1833907812833786 55
1677066296645 0.17985929548740387 56
1677066303561 0.18106721341609955 57
1677066310452 0.17937490344047546 58
1677066317361 0.17993871867656708 59
1677066324218 0.17786285281181335 60
1677066331075 0.17821955680847168 61
1677066337925 0.1791512817144394 62
1677066344788 0.179345965385437 63
1677066351655 0.18826453387737274 64
1677066358518 0.18278488516807556 65
1677066365364 0.18100474774837494 66
1677066372268 0.1765032261610031 67
1677066379112 0.18298262357711792 68
1677066385963 0.17755571007728577 69
1677066392828 0.18140016496181488 70
1677066399689 0.18055765330791473 71
1677066406547 0.17770300805568695 72
1677066413421 0.1781569868326187 73
1677066420278 0.1753963977098465 74
1677066427209 0.1797904372215271 75
1677066434089 0.17870831489562988 76
1677066440997 0.19814684987068176 77
1677066447884 0.1914544254541397 78
1677066454786 0.18683180212974548 79
1677066461668 0.1797761172056198 80
1677066468564 0.18114207684993744 81
1677066475410 0.18287761509418488 82
1677066482266 0.1828254759311676 83
1677066489140 0.1886313110589981 84
1677066495977 0.18423722684383392 85
1677066502830 0.18571734428405762 86
1677066509655 0.1813388615846634 87
1677066516492 0.18187834322452545 88
1677066523343 0.18187974393367767 89
1677066530185 0.18026630580425262 90
1677066537034 0.18194366991519928 91
1677066543872 0.18266858160495758 92
1677066550701 0.17810267210006714 93
1677066557540 0.17993620038032532 94
1677066564367 0.1801193654537201 95
1677066571190 0.1800985187292099 96
1677066578047 0.17650093138217926 97
1677066584886 0.17959415912628174 98
1677066591720 0.17524655163288116 99
1677066598559 0.1768299788236618 100
1677066605393 0.17605210840702057 101
1677066612255 0.17596116662025452 102
1677066619121 0.18017448484897614 103
1677066625970 0.1767936646938324 104
1677066632821 0.18120341002941132 105
1677066639665 0.1788739114999771 106
1677066646483 0.1794520616531372 107
1677066653310 0.17799891531467438 108
1677066660148 0.17871667444705963 109
1677066667016 0.18087908625602722 110
1677066673932 0.17753413319587708 111
1677066680887 0.17879527807235718 112
1677066687765 0.1789325326681137 113
1677066694617 0.17691271007061005 114
1677066701474 0.18081654608249664 115
1677066708317 0.17745265364646912 116
1677066715165 0.1782137006521225 117
1677066722040 0.17773479223251343 118
1677066728910 0.17526525259017944 119
1677066735761 0.17316953837871552 120
1677066742632 0.1771739423274994 121
1677066749503 0.17788809537887573 122
1677066756329 0.17634667456150055 123
1677066763163 0.17883753776550293 124
1677066770001 0.17914988100528717 125
1677066776860 0.18120034039020538 126
1677066783709 0.18624825775623322 127
1677066790544 0.17916807532310486 128
1677066797374 0.17891015112400055 129
1677066804206 0.18525634706020355 130
1677066811056 0.1806783676147461 131
1677066817940 0.17781226336956024 132
1677066824812 0.1812378317117691 133
1677066831683 0.17787131667137146 134
1677066838573 0.1795026659965515 135
1677066845438 0.17481622099876404 136
1677066852320 0.1790623813867569 137
1677066859203 0.17667007446289062 138
1677066866068 0.17877621948719025 139
1677066872967 0.17730502784252167 140
1677066879853 0.18165908753871918 141
1677066886716 0.18034902215003967 142
1677066893576 0.1777738481760025 143
1677066900461 0.17616845667362213 144
1677066907358 0.18207159638404846 145
1677066914249 0.1778797209262848 146
1677066921141 0.17875857651233673 147
1677066928014 0.17733979225158691 148
1677066934887 0.17882698774337769 149
