1675415253543 0.3619087338447571 0
1675415256325 0.34236255288124084 1
1675415259059 0.3339383006095886 2
1675415261792 0.3227542042732239 3
1675415264370 0.31452980637550354 4
1675415267026 0.3026101291179657 5
1675415269651 0.29452186822891235 6
1675415272213 0.2925741970539093 7
1675415274760 0.27730053663253784 8
1675415277307 0.2657817006111145 9
1675415279854 0.2607346177101135 10
1675415282392 0.25060781836509705 11
1675415284907 0.23822054266929626 12
1675415287423 0.2330627143383026 13
1675415289923 0.2303241491317749 14
1675415292423 0.2262963056564331 15
1675415294939 0.22857241332530975 16
1675415297456 0.20662851631641388 17
1675415299941 0.2107475996017456 18
1675415302441 0.2075934112071991 19
1675415304956 0.20129835605621338 20
1675415307456 0.2020605504512787 21
1675415309956 0.20232568681240082 22
1675415312436 0.1964293271303177 23
1675415314999 0.19934244453907013 24
1675415317499 0.1942160427570343 25
1675415319983 0.1872560977935791 26
1675415322514 0.192118838429451 27
1675415325014 0.19340410828590393 28
1675415327499 0.19007077813148499 29
1675415329999 0.1873132735490799 30
1675415332499 0.19333867728710175 31
1675415334983 0.18806447088718414 32
1675415337468 0.19294239580631256 33
1675415339999 0.1864670366048813 34
1675415342500 0.18797722458839417 35
1675415345000 0.1893160045146942 36
1675415347500 0.1840440183877945 37
1675415349991 0.18750503659248352 38
1675415352475 0.1825261116027832 39
1675415354972 0.1846177875995636 40
1675415357472 0.1852034479379654 41
1675415360051 0.1843450367450714 42
1675415362535 0.18639056384563446 43
1675415365035 0.1842709481716156 44
1675415367551 0.18490718305110931 45
1675415370030 0.18578387796878815 46
1675415372528 0.1823921650648117 47
1675415375028 0.18343989551067352 48
1675415377544 0.18152907490730286 49
1675415380060 0.1825849562883377 50
1675415382544 0.1821330040693283 51
1675415385044 0.1798146665096283 52
1675415387545 0.18330679833889008 53
1675415390045 0.17718841135501862 54
1675415392545 0.18151819705963135 55
1675415395030 0.1751650869846344 56
1675415397545 0.1788943111896515 57
1675415400030 0.18015044927597046 58
1675415402577 0.18167510628700256 59
1675415405092 0.17818579077720642 60
1675415407592 0.17688868939876556 61
1675415410108 0.18090614676475525 62
1675415412592 0.1786467581987381 63
1675415415108 0.1816236674785614 64
1675415417608 0.18032506108283997 65
1675415420123 0.17463555932044983 66
1675415422623 0.1756104975938797 67
1675415425139 0.17861449718475342 68
1675415427639 0.17893783748149872 69
1675415430170 0.1786661148071289 70
1675415432682 0.1783374547958374 71
1675415435198 0.17608506977558136 72
1675415437714 0.17511695623397827 73
1675415440245 0.17816567420959473 74
1675415442760 0.17630119621753693 75
1675415445276 0.18005819618701935 76
1675415447792 0.17749962210655212 77
1675415450307 0.1775241494178772 78
1675415452823 0.17462143301963806 79
1675415455339 0.17454591393470764 80
1675415457839 0.17913267016410828 81
1675415460370 0.17705176770687103 82
1675415462901 0.17646849155426025 83
1675415465417 0.1746491938829422 84
1675415467917 0.17479124665260315 85
1675415470432 0.17675408720970154 86
1675415472948 0.17439904808998108 87
1675415475448 0.17541399598121643 88
1675415477965 0.17510198056697845 89
1675415480637 0.17472462356090546 90
1675415483152 0.172426238656044 91
1675415485637 0.1750832498073578 92
1675415488168 0.17796088755130768 93
1675415490668 0.1753988116979599 94
1675415493195 0.17375588417053223 95
1675415495867 0.1734505444765091 96
1675415498476 0.17346863448619843 97
1675415501148 0.17377394437789917 98
1675415503664 0.17250075936317444 99
1675415506179 0.1759263575077057 100
1675415508711 0.175185427069664 101
1675415511242 0.17205122113227844 102
1675415513789 0.17329519987106323 103
1675415516320 0.17135341465473175 104
1675415518851 0.16994425654411316 105
1675415521382 0.17445561289787292 106
1675415523915 0.1757708638906479 107
1675415526415 0.17132800817489624 108
1675415528930 0.1741841584444046 109
1675415531446 0.1707562655210495 110
1675415533977 0.1721208393573761 111
1675415536493 0.16905951499938965 112
1675415539040 0.16774530708789825 113
1675415541555 0.169606551527977 114
1675415544087 0.16870363056659698 115
1675415546602 0.17501328885555267 116
1675415549118 0.17320381104946136 117
1675415551637 0.1702435314655304 118
1675415554162 0.17192372679710388 119
1675415556678 0.17103959619998932 120
1675415559225 0.16980776190757751 121
1675415561756 0.16773274540901184 122
1675415564272 0.1707390546798706 123
1675415566788 0.16869258880615234 124
1675415569320 0.1692853718996048 125
1675415571835 0.16960188746452332 126
1675415574367 0.16747862100601196 127
1675415576882 0.1704656034708023 128
1675415579414 0.17109905183315277 129
1675415581929 0.17037807404994965 130
1675415584460 0.1679908037185669 131
1675415586976 0.16586393117904663 132
1675415589492 0.16827082633972168 133
1675415592007 0.16920650005340576 134
1675415594538 0.1690153181552887 135
1675415597070 0.16776908934116364 136
1675415599585 0.16804906725883484 137
1675415602132 0.17236894369125366 138
1675415604663 0.16686508059501648 139
1675415607195 0.17140579223632812 140
1675415609726 0.16850106418132782 141
1675415612276 0.16873390972614288 142
1675415614823 0.16909052431583405 143
1675415617354 0.16797684133052826 144
1675415619870 0.1690944880247116 145
1675415622386 0.1662403792142868 146
1675415624901 0.16355709731578827 147
1675415627412 0.16632084548473358 148
1675415629959 0.16492626070976257 149
