1675147655741 0.23242026567459106 0
1675147658550 0.20583803951740265 1
1675147661368 0.17795270681381226 2
1675147664319 0.153518944978714 3
1675147667100 0.1457519382238388 4
1675147669816 0.14525459706783295 5
1675147672499 0.13134057819843292 6
1675147675310 0.12369842082262039 7
1675147678026 0.11921896040439606 8
1675147680734 0.11746135354042053 9
1675147683541 0.1091148853302002 10
1675147686244 0.1142343208193779 11
1675147688989 0.1076868325471878 12
1675147691643 0.11038430780172348 13
1675147694344 0.1002865880727768 14
1675147697011 0.10079766809940338 15
1675147699712 0.09441058337688446 16
1675147702439 0.09542302042245865 17
1675147705155 0.09763246774673462 18
1675147707831 0.09256794303655624 19
1675147710574 0.09822852909564972 20
1675147713317 0.08543514460325241 21
1675147715945 0.09015015512704849 22
1675147718580 0.0897362232208252 23
1675147721273 0.08388394862413406 24
1675147723939 0.08975277096033096 25
1675147726623 0.08867203444242477 26
1675147729359 0.08575719594955444 27
1675147732062 0.08300013095140457 28
1675147735023 0.08701427280902863 29
1675147737814 0.07822316139936447 30
1675147740623 0.08279624581336975 31
1675147743487 0.0759793147444725 32
1675147746475 0.0778035968542099 33
1675147749181 0.07903270423412323 34
1675147751887 0.07588904350996017 35
1675147754657 0.07934360206127167 36
1675147757341 0.07650600373744965 37
1675147760038 0.07478728145360947 38
1675147762645 0.07897035032510757 39
1675147765260 0.07795687019824982 40
1675147767889 0.0728737860918045 41
1675147770495 0.0739641785621643 42
1675147773112 0.07766535878181458 43
1675147775776 0.071060411632061 44
1675147778398 0.07230754941701889 45
1675147780999 0.07400232553482056 46
1675147783608 0.07137410342693329 47
1675147786232 0.06655306369066238 48
1675147788841 0.07314466685056686 49
1675147791451 0.06826842576265335 50
1675147794104 0.06674383580684662 51
1675147796703 0.06961096823215485 52
1675147799360 0.06651321798563004 53
1675147802038 0.06697212904691696 54
1675147804694 0.06713833659887314 55
1675147807264 0.06816527247428894 56
1675147809920 0.06646648794412613 57
1675147812500 0.07248257100582123 58
1675147815134 0.06598102301359177 59
1675147817712 0.0625954195857048 60
1675147820328 0.06682830303907394 61
1675147822947 0.06310847401618958 62
1675147825575 0.06091625615954399 63
1675147828204 0.06729966402053833 64
1675147830827 0.06214398145675659 65
1675147833474 0.061483077704906464 66
1675147836098 0.06368470191955566 67
1675147838738 0.061191312968730927 68
1675147841330 0.060649920254945755 69
1675147843972 0.060665156692266464 70
1675147846547 0.059577975422143936 71
1675147849261 0.057725563645362854 72
1675147851875 0.05791868641972542 73
1675147854525 0.06199214980006218 74
1675147857198 0.05927935242652893 75
1675147859891 0.059435829520225525 76
1675147862596 0.06138726323843002 77
1675147865295 0.056869201362133026 78
1675147868069 0.05837894231081009 79
1675147870672 0.05867384746670723 80
1675147873283 0.05652415379881859 81
1675147875923 0.058852147310972214 82
1675147878590 0.05950983986258507 83
1675147881216 0.05730435624718666 84
1675147883879 0.05508929118514061 85
1675147886533 0.056631818413734436 86
1675147889229 0.05495453625917435 87
1675147891829 0.05589372292160988 88
1675147894488 0.05643606185913086 89
1675147897096 0.05939905345439911 90
1675147899750 0.056058499962091446 91
1675147902366 0.0542166493833065 92
1675147905043 0.0553828701376915 93
1675147907697 0.05968719720840454 94
1675147910362 0.056610189378261566 95
1675147913123 0.05718925967812538 96
1675147915780 0.05784086883068085 97
1675147918577 0.05757077410817146 98
1675147921403 0.056059397757053375 99
