1672222999066 0.34722912311553955 0
1672223001612 0.3287822902202606 1
1672223004310 0.3123786151409149 2
1672223007126 0.29793044924736023 3
1672223009923 0.27120348811149597 4
1672223012571 0.24839197099208832 5
1672223015183 0.22198455035686493 6
1672223017848 0.2280636876821518 7
1672223020488 0.19875571131706238 8
1672223023191 0.19931840896606445 9
1672223025819 0.18660293519496918 10
1672223028714 0.18166914582252502 11
1672223031307 0.16089050471782684 12
1672223033958 0.1650577038526535 13
1672223036458 0.1588512808084488 14
1672223038974 0.16723087430000305 15
1672223041501 0.14765127003192902 16
1672223044079 0.14979800581932068 17
1672223046563 0.14054329693317413 18
1672223049195 0.1446160078048706 19
1672223051868 0.13795502483844757 20
1672223054615 0.13501010835170746 21
1672223057135 0.14638450741767883 22
1672223059982 0.13383011519908905 23
1672223062631 0.13736052811145782 24
1672223065414 0.12463796138763428 25
1672223068166 0.1305699646472931 26
1672223070706 0.1320706307888031 27
1672223073245 0.12073145806789398 28
1672223075769 0.1117405891418457 29
1672223078379 0.10377894341945648 30
1672223080952 0.10346429795026779 31
1672223083504 0.10218366235494614 32
1672223085989 0.1028277724981308 33
1672223088457 0.10193444788455963 34
1672223091048 0.09967364370822906 35
1672223093629 0.09741897881031036 36
1672223096116 0.0952705666422844 37
1672223098661 0.09514108300209045 38
1672223101302 0.09375108033418655 39
1672223104162 0.09280218929052353 40
1672223106926 0.09655443578958511 41
1672223109460 0.09162373095750809 42
1672223112174 0.08834639191627502 43
1672223114821 0.08947274088859558 44
1672223117416 0.09262403845787048 45
1672223120132 0.09352866560220718 46
1672223122787 0.09161201864480972 47
1672223125491 0.08690556138753891 48
1672223128062 0.08626546710729599 49
1672223130663 0.08881723880767822 50
1672223133178 0.08844922482967377 51
1672223135819 0.08513810485601425 52
1672223138439 0.08722157031297684 53
1672223141165 0.08326545357704163 54
1672223143899 0.08713694661855698 55
1672223146766 0.08523909002542496 56
1672223149556 0.0801183357834816 57
1672223152610 0.08348943293094635 58
1672223155790 0.08769310265779495 59
1672223158948 0.0915718525648117 60
1672223161930 0.08069329708814621 61
1672223164768 0.0809132531285286 62
1672223167645 0.08141197264194489 63
1672223170719 0.08074510097503662 64
1672223173620 0.08320388942956924 65
1672223176477 0.08192231506109238 66
1672223179407 0.07985539734363556 67
1672223182201 0.0873023271560669 68
1672223184858 0.08913765847682953 69
1672223187646 0.08616719394922256 70
1672223190562 0.07785969972610474 71
1672223193426 0.08108005672693253 72
1672223196358 0.07395808398723602 73
1672223199312 0.07895693928003311 74
1672223202088 0.0791182741522789 75
1672223204917 0.07911796867847443 76
1672223207673 0.0769127607345581 77
1672223210318 0.07349064946174622 78
1672223213102 0.07791450619697571 79
1672223215784 0.07614176720380783 80
1672223218588 0.07762723416090012 81
1672223221186 0.08002392202615738 82
1672223223802 0.0726073756814003 83
1672223226722 0.07853560894727707 84
1672223229439 0.0731654018163681 85
1672223232087 0.07612491399049759 86
1672223234765 0.06946071237325668 87
1672223237454 0.0769401490688324 88
1672223240306 0.06913106143474579 89
1672223243126 0.07932011783123016 90
1672223245842 0.07289431244134903 91
1672223248436 0.0701555386185646 92
1672223251193 0.0748826265335083 93
1672223253750 0.07476693391799927 94
1672223256260 0.07011957466602325 95
1672223258760 0.07001568377017975 96
1672223261289 0.07032866775989532 97
1672223263840 0.07275613397359848 98
1672223266354 0.0725870355963707 99
