1675251113659 0.24368919432163239 0
1675251116503 0.21282830834388733 1
1675251119441 0.1957901269197464 2
1675251122348 0.18455906212329865 3
1675251125316 0.17399556934833527 4
1675251128191 0.16423921287059784 5
1675251131067 0.15265755355358124 6
1675251133770 0.14064635336399078 7
1675251136551 0.12960264086723328 8
1675251139348 0.13336975872516632 9
1675251142129 0.11280175298452377 10
1675251144911 0.11489187926054001 11
1675251147694 0.10692151635885239 12
1675251150426 0.10450796782970428 13
1675251153224 0.11039363592863083 14
1675251155927 0.09998919814825058 15
1675251158911 0.09513556212186813 16
1675251161755 0.10209724307060242 17
1675251164489 0.09672253578901291 18
1675251167224 0.10001828521490097 19
1675251170036 0.09556229412555695 20
1675251172787 0.09696294367313385 21
1675251175490 0.09692700207233429 22
1675251178350 0.08976379781961441 23
1675251181162 0.08987893164157867 24
1675251184084 0.08406127244234085 25
1675251186964 0.08591154217720032 26
1675251189804 0.08399776369333267 27
1675251192600 0.07996956259012222 28
1675251195459 0.08452042192220688 29
1675251198350 0.08652272820472717 30
1675251201100 0.0840570256114006 31
1675251203850 0.0847461074590683 32
1675251206616 0.0825192928314209 33
1675251209379 0.0844937264919281 34
1675251212194 0.08168724924325943 35
1675251215135 0.07774178683757782 36
1675251217945 0.07658635079860687 37
1675251220726 0.0834932029247284 38
1675251223538 0.0808010995388031 39
1675251226335 0.08273287117481232 40
1675251229101 0.08070939034223557 41
1675251231914 0.08220648765563965 42
1675251234804 0.08542532473802567 43
1675251237601 0.07730336487293243 44
1675251240476 0.07990948110818863 45
1675251243364 0.0739704966545105 46
1675251246212 0.07804109901189804 47
1675251248977 0.07694201916456223 48
1675251251759 0.07207673043012619 49
1675251254586 0.07119446992874146 50
1675251257493 0.0780249685049057 51
1675251260338 0.06889896094799042 52
1675251263244 0.07387097179889679 53
1675251266118 0.07655248790979385 54
1675251268993 0.07291015237569809 55
1675251271915 0.07549650222063065 56
1675251274774 0.07349364459514618 57
1675251277603 0.07482095062732697 58
1675251280494 0.0775848850607872 59
1675251283365 0.06882958859205246 60
1675251286244 0.07470449805259705 61
1675251289166 0.07007584720849991 62
1675251292026 0.07141893357038498 63
1675251294854 0.07212793827056885 64
1675251297744 0.06955176591873169 65
1675251300675 0.07302684336900711 66
1675251303563 0.07261212170124054 67
1675251306870 0.07649518549442291 68
1675251309764 0.07376251369714737 69
1675251312514 0.0702456533908844 70
1675251315264 0.07530217617750168 71
1675251318200 0.06840798258781433 72
1675251321292 0.07308938354253769 73
1675251324509 0.07257905602455139 74
1675251327558 0.06709808111190796 75
1675251330820 0.07217173278331757 76
1675251333857 0.06731774657964706 77
1675251336940 0.0747024267911911 78
1675251340006 0.0771140456199646 79
1675251343025 0.07462146133184433 80
1675251346104 0.07085174322128296 81
1675251349122 0.06711488962173462 82
1675251351984 0.06966913491487503 83
1675251354734 0.06985641270875931 84
1675251357562 0.0678236186504364 85
1675251360390 0.0675569698214531 86
1675251363280 0.06894581019878387 87
1675251366077 0.07150830328464508 88
1675251368979 0.07048280537128448 89
1675251372230 0.0708078145980835 90
1675251375058 0.07009341567754745 91
1675251377948 0.0675259605050087 92
1675251380768 0.06137695163488388 93
1675251384089 0.06633909046649933 94
1675251386979 0.06915651261806488 95
1675251389931 0.06751085072755814 96
1675251392999 0.0643368810415268 97
1675251395952 0.06725448369979858 98
1675251398795 0.07059244811534882 99
1675251401686 0.060615215450525284 100
1675251404561 0.07181176543235779 101
1675251407467 0.06452888995409012 102
1675251410457 0.06507857143878937 103
1675251413290 0.06304726749658585 104
1675251416663 0.06434817612171173 105
1675251419522 0.06437493115663528 106
1675251422350 0.06923296302556992 107
1675251425178 0.06826945394277573 108
1675251427963 0.07287273555994034 109
1675251430791 0.06837519258260727 110
1675251433666 0.0654165968298912 111
1675251436478 0.061155229806900024 112
1675251439400 0.06202087923884392 113
1675251442322 0.06704559177160263 114
1675251445229 0.06977418065071106 115
1675251448041 0.06546028703451157 116
1675251451328 0.06845120340585709 117
1675251454271 0.06912925094366074 118
1675251457268 0.06458281725645065 119
1675251460580 0.06654224544763565 120
1675251463718 0.06268255412578583 121
1675251466530 0.06244072690606117 122
1675251469452 0.06560992449522018 123
1675251472531 0.0653526559472084 124
1675251475359 0.06712103635072708 125
1675251478281 0.06815555691719055 126
1675251481126 0.06850700080394745 127
1675251483969 0.0705469623208046 128
1675251486766 0.06798610836267471 129
1675251489594 0.0630122497677803 130
1675251492406 0.06777159124612808 131
1675251495252 0.0629245862364769 132
1675251498177 0.06852450221776962 133
1675251501134 0.06133119389414787 134
1675251503985 0.06837858259677887 135
1675251506924 0.06815886497497559 136
1675251509798 0.06689834594726562 137
1675251512642 0.06789685040712357 138
1675251515486 0.06560058891773224 139
1675251518457 0.0666937381029129 140
1675251521414 0.06609547883272171 141
1675251524379 0.06530173867940903 142
1675251527225 0.06823678314685822 143
1675251530533 0.06832697242498398 144
1675251533602 0.06576216965913773 145
1675251536606 0.06439578533172607 146
1675251539497 0.0649627223610878 147
1675251542579 0.07133565098047256 148
1675251545470 0.06679264456033707 149
