1675247952894 0.2485131174325943 0
1675247955614 0.21442796289920807 1
1675247958348 0.19913938641548157 2
1675247961068 0.1850641369819641 3
1675247963954 0.18178828060626984 4
1675247966619 0.1713171899318695 5
1675247969151 0.16680903732776642 6
1675247971651 0.15675069391727448 7
1675247974185 0.15178900957107544 8
1675247976671 0.15125666558742523 9
1675247979186 0.14911429584026337 10
1675247981686 0.14136089384555817 11
1675247984171 0.14460361003875732 12
1675247986686 0.13475185632705688 13
1675247989202 0.1331540048122406 14
1675247991702 0.125265434384346 15
1675247994236 0.12943798303604126 16
1675247996770 0.12295082211494446 17
1675247999270 0.1233949363231659 18
1675248001801 0.12424474954605103 19
1675248004364 0.12203262001276016 20
1675248006933 0.12169895321130753 21
1675248009572 0.12097007036209106 22
1675248012103 0.12070058286190033 23
1675248014572 0.11736074835062027 24
1675248017155 0.11652210354804993 25
1675248019756 0.11899618059396744 26
1675248022380 0.11332075297832489 27
1675248024992 0.11071082204580307 28
1675248027538 0.1130407527089119 29
1675248030070 0.11251261085271835 30
1675248032648 0.11158202588558197 31
1675248035179 0.11169199645519257 32
1675248037726 0.10572624206542969 33
1675248040257 0.11269160360097885 34
1675248042804 0.10850058495998383 35
1675248045399 0.11552868038415909 36
1675248047914 0.10246269404888153 37
1675248050445 0.10700060427188873 38
1675248053077 0.10703323036432266 39
1675248055838 0.10570967197418213 40
1675248058683 0.10579544305801392 41
1675248061553 0.11259672045707703 42
1675248064350 0.10981432348489761 43
1675248067267 0.10220895707607269 44
1675248070036 0.10629221796989441 45
1675248072849 0.10490243881940842 46
1675248075608 0.10372376441955566 47
1675248078163 0.10487724095582962 48
1675248080824 0.10120686888694763 49
1675248083340 0.10004787147045135 50
1675248085863 0.10127335041761398 51
1675248088381 0.0991266667842865 52
1675248090948 0.09730853885412216 53
1675248093448 0.09304621815681458 54
1675248095944 0.09924472123384476 55
1675248098460 0.10431710630655289 56
1675248100976 0.10339096188545227 57
1675248103491 0.09899292886257172 58
1675248106366 0.09217429161071777 59
1675248108939 0.09532047063112259 60
1675248111518 0.09947492927312851 61
1675248114299 0.09623691439628601 62
1675248116895 0.09740883857011795 63
1675248119427 0.09224750101566315 64
1675248122005 0.08918388932943344 65
1675248124676 0.09763992577791214 66
1675248127519 0.09315962344408035 67
1675248130399 0.09732132405042648 68
1675248133220 0.09062501788139343 69
1675248136123 0.093816839158535 70
1675248138917 0.09188614785671234 71
1675248141729 0.09141714125871658 72
1675248144308 0.09346190094947815 73
1675248146928 0.0913865938782692 74
1675248149627 0.0965305045247078 75
1675248152434 0.08653552830219269 76
1675248154996 0.09202976524829865 77
1675248157684 0.09152205288410187 78
1675248160356 0.09552830457687378 79
1675248162872 0.09382626414299011 80
1675248165386 0.08867090940475464 81
1675248167935 0.09162832796573639 82
1675248170434 0.09474603086709976 83
1675248172950 0.10388536751270294 84
1675248175467 0.0940961167216301 85
1675248178020 0.08768420666456223 86
1675248180528 0.09140875190496445 87
1675248183060 0.09373798221349716 88
1675248185606 0.09060665965080261 89
1675248188289 0.09533495455980301 90
1675248190875 0.09444647282361984 91
1675248193403 0.08678329735994339 92
1675248195936 0.09102459251880646 93
1675248198466 0.08974354714155197 94
1675248200983 0.09369397163391113 95
1675248203529 0.08678480982780457 96
1675248206076 0.08783034235239029 97
1675248208639 0.0911693200469017 98
1675248211264 0.08936147391796112 99
1675248213795 0.08941859006881714 100
1675248216295 0.09536939859390259 101
1675248218811 0.09120195358991623 102
1675248221450 0.0970708578824997 103
1675248224019 0.09188105165958405 104
1675248226559 0.09110216796398163 105
1675248229074 0.08974703401327133 106
1675248231611 0.08459778875112534 107
1675248234111 0.08413629233837128 108
1675248236640 0.09171994775533676 109
1675248239125 0.09592750668525696 110
1675248241640 0.09112247079610825 111
1675248244156 0.09198536723852158 112
1675248246726 0.09296570718288422 113
1675248249300 0.09083880484104156 114
1675248251797 0.09156446903944016 115
1675248254344 0.08356637507677078 116
1675248256875 0.08422623574733734 117
1675248259391 0.08700783550739288 118
1675248261918 0.08817779272794724 119
1675248264831 0.0904625952243805 120
1675248267642 0.08562537282705307 121
1675248270617 0.08360671252012253 122
1675248273428 0.08627845346927643 123
1675248276380 0.08468986302614212 124
1675248279217 0.09022291749715805 125
1675248281898 0.09644905477762222 126
1675248284454 0.09182486683130264 127
1675248287110 0.08488887548446655 128
1675248289955 0.08599202334880829 129
1675248292735 0.08549094945192337 130
1675248295374 0.08190596848726273 131
1675248297939 0.08258301764726639 132
1675248300486 0.0862361416220665 133
1675248303095 0.09375894069671631 134
1675248305723 0.09204784780740738 135
1675248308322 0.09163106977939606 136
1675248310893 0.08475746959447861 137
1675248313517 0.08218781650066376 138
1675248316130 0.08842524141073227 139
1675248318661 0.08031068742275238 140
1675248321196 0.08253961056470871 141
1675248323696 0.08602533489465714 142
1675248326269 0.08954167366027832 143
1675248328830 0.08218657970428467 144
1675248331528 0.08688561618328094 145
1675248334059 0.07969943434000015 146
1675248336578 0.08130931854248047 147
1675248339110 0.08147453516721725 148
1675248341641 0.08697300404310226 149
