1676958815852 0.2778410315513611 0
1676958820399 0.24875977635383606 1
1676958824864 0.23034429550170898 2
1676958829393 0.2148418426513672 3
1676958833673 0.1990525871515274 4
1676958837989 0.18738646805286407 5
1676958842311 0.18944646418094635 6
1676958846748 0.18067994713783264 7
1676958851059 0.1792575865983963 8
1676958855293 0.1814480423927307 9
1676958859622 0.1768379807472229 10
1676958863903 0.17468850314617157 11
1676958868228 0.16412761807441711 12
1676958872497 0.1651233732700348 13
1676958876744 0.1697290539741516 14
1676958881121 0.1696326583623886 15
1676958885538 0.1657934933900833 16
1676958889790 0.1544816941022873 17
1676958894074 0.1619979441165924 18
1676958898342 0.16173876821994781 19
1676958902624 0.16578197479248047 20
1676958906877 0.1638994812965393 21
1676958911163 0.16270045936107635 22
1676958915445 0.1615709513425827 23
1676958919730 0.15513074398040771 24
1676958924001 0.15424901247024536 25
1676958928271 0.15957367420196533 26
1676958932638 0.16080032289028168 27
1676958936891 0.15441401302814484 28
1676958941146 0.1517437994480133 29
1676958945393 0.15639077126979828 30
1676958949721 0.15033209323883057 31
1676958954088 0.15002186596393585 32
1676958958367 0.1481802612543106 33
1676958962684 0.15052874386310577 34
1676958966960 0.14550812542438507 35
1676958971247 0.1507217288017273 36
1676958975506 0.15007752180099487 37
1676958979829 0.15019065141677856 38
1676958984125 0.1481245458126068 39
1676958988350 0.14949484169483185 40
1676958992584 0.14873218536376953 41
1676958997154 0.1468636393547058 42
1676959001569 0.14486052095890045 43
1676959005803 0.14632253348827362 44
1676959010037 0.14523617923259735 45
1676959014443 0.14621767401695251 46
1676959018757 0.1444178819656372 47
1676959023053 0.15002351999282837 48
1676959027395 0.1440185308456421 49
1676959031710 0.14333657920360565 50
1676959036132 0.14154167473316193 51
1676959040505 0.1416812241077423 52
1676959045252 0.143569216132164 53
1676959049678 0.1395755261182785 54
1676959054159 0.14411471784114838 55
1676959058613 0.14266325533390045 56
1676959062997 0.14305929839611053 57
1676959067262 0.13738751411437988 58
1676959071518 0.1427062451839447 59
1676959075766 0.1382606029510498 60
1676959080096 0.14168889820575714 61
1676959084355 0.1391129493713379 62
1676959088615 0.1382465809583664 63
1676959092867 0.14018066227436066 64
1676959097117 0.14086203277111053 65
1676959101364 0.13922978937625885 66
1676959105634 0.13932181894779205 67
1676959109899 0.1367374062538147 68
1676959114184 0.1389824002981186 69
1676959118481 0.13787928223609924 70
1676959122766 0.13787348568439484 71
1676959127097 0.13866302371025085 72
1676959131382 0.13311488926410675 73
1676959135696 0.13895979523658752 74
1676959139998 0.14367741346359253 75
1676959144329 0.13936926424503326 76
1676959148719 0.13812147080898285 77
1676959153076 0.1400991976261139 78
1676959157456 0.13634535670280457 79
1676959161867 0.13801957666873932 80
1676959166497 0.1402270346879959 81
1676959170901 0.14108340442180634 82
1676959175660 0.1356341689825058 83
1676959179963 0.13611263036727905 84
1676959184567 0.13242030143737793 85
1676959189235 0.13777731359004974 86
1676959193582 0.13822022080421448 87
1676959197824 0.13749244809150696 88
1676959202038 0.137093648314476 89
1676959206275 0.13415293395519257 90
1676959210890 0.14034755527973175 91
1676959215138 0.13746072351932526 92
1676959221085 0.13692137598991394 93
1676959226651 0.1368752121925354 94
1676959232088 0.1336418092250824 95
1676959237555 0.1355379819869995 96
1676959242977 0.13961511850357056 97
1676959248505 0.13570044934749603 98
1676959254300 0.1343899965286255 99
1676959259822 0.13526420295238495 100
1676959265371 0.13299459218978882 101
1676959270811 0.1326078474521637 102
1676959276245 0.13945326209068298 103
1676959281932 0.13652610778808594 104
1676959287730 0.137074813246727 105
1676959293230 0.13522161543369293 106
1676959298731 0.13380253314971924 107
1676959304348 0.13434074819087982 108
1676959309873 0.13331471383571625 109
1676959315297 0.14020206034183502 110
1676959320760 0.14007703959941864 111
1676959326228 0.1367054134607315 112
1676959331665 0.1372489631175995 113
1676959337112 0.13387912511825562 114
1676959342561 0.13470356166362762 115
1676959347991 0.1352342814207077 116
1676959353445 0.1325216442346573 117
1676959358907 0.1360573023557663 118
1676959364379 0.13176560401916504 119
1676959369815 0.13429386913776398 120
1676959375504 0.133621945977211 121
1676959380989 0.1369321197271347 122
1676959386443 0.13712094724178314 123
1676959391868 0.13301797211170197 124
1676959397428 0.134078711271286 125
1676959402930 0.13544166088104248 126
1676959408349 0.1328413486480713 127
1676959413794 0.13261093199253082 128
1676959419439 0.1335257738828659 129
1676959424932 0.13404570519924164 130
1676959430412 0.1355794370174408 131
1676959435834 0.13234809041023254 132
1676959441249 0.1336531639099121 133
1676959446749 0.12977559864521027 134
1676959452183 0.13168948888778687 135
1676959457684 0.13184796273708344 136
1676959463148 0.1320144534111023 137
1676959468615 0.1342453807592392 138
1676959474216 0.1371738761663437 139
1676959479645 0.1319395750761032 140
1676959485204 0.13119713962078094 141
1676959490967 0.13146167993545532 142
1676959496574 0.132424995303154 143
1676959502002 0.13211560249328613 144
1676959507481 0.13138453662395477 145
1676959513296 0.1314917355775833 146
1676959519375 0.13005878031253815 147
1676959525220 0.13494212925434113 148
1676959530731 0.13553087413311005 149
