1675418775003 0.30026984214782715 0
1675418777720 0.2777691185474396 1
1675418780511 0.2516248822212219 2
1675418783188 0.23126071691513062 3
1675418786006 0.2095080465078354 4
1675418788676 0.19447487592697144 5
1675418791388 0.19194123148918152 6
1675418794059 0.17954915761947632 7
1675418796820 0.17205624282360077 8
1675418799389 0.18900839984416962 9
1675418801889 0.17895755171775818 10
1675418804391 0.17408742010593414 11
1675418806920 0.18403801321983337 12
1675418809470 0.1707608550786972 13
1675418812037 0.18344448506832123 14
1675418814658 0.17889389395713806 15
1675418817189 0.1822194755077362 16
1675418819875 0.17519918084144592 17
1675418822424 0.17470774054527283 18
1675418824958 0.17670288681983948 19
1675418827590 0.1737799197435379 20
1675418830125 0.17265167832374573 21
1675418832659 0.17982296645641327 22
1675418835206 0.17164166271686554 23
1675418837724 0.17087766528129578 24
1675418840290 0.1699579656124115 25
1675418842806 0.1699567288160324 26
1675418845409 0.17435811460018158 27
1675418847923 0.16432484984397888 28
1675418850492 0.1674087792634964 29
1675418853059 0.16107676923274994 30
1675418855691 0.16951817274093628 31
1675418858226 0.16475865244865417 32
1675418860780 0.1618131548166275 33
1675418863308 0.1611059159040451 34
1675418865874 0.17167505621910095 35
1675418868477 0.16158007085323334 36
1675418871007 0.16394998133182526 37
1675418873544 0.1585220992565155 38
1675418876123 0.1558208465576172 39
1675418878626 0.1625763475894928 40
1675418881123 0.15955320000648499 41
1675418883680 0.16431966423988342 42
1675418886210 0.1536642611026764 43
1675418888745 0.1547289490699768 44
1675418891277 0.1607906073331833 45
1675418893815 0.15993739664554596 46
1675418896426 0.15657255053520203 47
1675418898942 0.15688882768154144 48
1675418901524 0.16039009392261505 49
1675418904008 0.16110503673553467 50
1675418906541 0.15789629518985748 51
1675418909074 0.15038453042507172 52
1675418911654 0.16561219096183777 53
1675418914170 0.16371645033359528 54
1675418916661 0.15511000156402588 55
1675418919264 0.15551991760730743 56
1675418921760 0.15424121916294098 57
1675418924375 0.15709151327610016 58
1675418926879 0.15217000246047974 59
1675418929379 0.15806449949741364 60
1675418931893 0.1493675410747528 61
1675418934396 0.15774494409561157 62
1675418937008 0.15491290390491486 63
1675418939595 0.15124814212322235 64
1675418942128 0.1515057235956192 65
1675418944644 0.1602068841457367 66
1675418947261 0.15795448422431946 67
1675418949795 0.15964056551456451 68
1675418952311 0.15341593325138092 69
1675418954909 0.15347550809383392 70
1675418957396 0.15054942667484283 71
1675418959947 0.1527075320482254 72
1675418962475 0.14955991506576538 73
1675418964996 0.15178333222866058 74
1675418967541 0.15277594327926636 75
1675418970096 0.15271860361099243 76
1675418972643 0.1536170244216919 77
1675418975163 0.1517859846353531 78
1675418977746 0.15064629912376404 79
1675418980267 0.14924567937850952 80
1675418982869 0.14663760364055634 81
1675418985381 0.15476956963539124 82
1675418987877 0.14726363122463226 83
1675418990371 0.1482166051864624 84
1675418992862 0.1503906399011612 85
1675418995361 0.15607787668704987 86
1675418997848 0.14962852001190186 87
1675419000345 0.15461021661758423 88
1675419002829 0.15271148085594177 89
1675419005341 0.15038076043128967 90
1675419007846 0.15100163221359253 91
1675419010395 0.15127037465572357 92
1675419013080 0.15266041457653046 93
1675419015620 0.15216319262981415 94
1675419018116 0.15021172165870667 95
1675419020697 0.14923885464668274 96
1675419023213 0.1491684466600418 97
1675419025815 0.15246474742889404 98
1675419028347 0.1455640345811844 99
1675419030849 0.148123100399971 100
1675419033462 0.15135563910007477 101
1675419035947 0.14818641543388367 102
1675419038612 0.15245036780834198 103
1675419041203 0.15286144614219666 104
1675419043795 0.1475440412759781 105
1675419046350 0.1495048850774765 106
1675419048864 0.1484498828649521 107
1675419051575 0.1490759253501892 108
1675419054451 0.15272317826747894 109
1675419057188 0.1506424993276596 110
1675419059733 0.14663159847259521 111
1675419062344 0.14873991906642914 112
1675419064863 0.14828336238861084 113
1675419067383 0.14690400660037994 114
1675419069868 0.14883007109165192 115
1675419072399 0.14447125792503357 116
1675419074998 0.1464233100414276 117
1675419078080 0.14553813636302948 118
1675419080960 0.14315509796142578 119
1675419083484 0.147797092795372 120
1675419086101 0.14652755856513977 121
1675419088667 0.14526961743831635 122
1675419091433 0.14606046676635742 123
1675419094001 0.14416100084781647 124
1675419096566 0.15006738901138306 125
1675419099151 0.14586466550827026 126
1675419101703 0.1470436453819275 127
1675419104285 0.14696410298347473 128
1675419106815 0.14664492011070251 129
1675419109299 0.14458969235420227 130
1675419111819 0.14784228801727295 131
1675419114452 0.13923268020153046 132
1675419116966 0.1460489183664322 133
1675419119515 0.1397300362586975 134
1675419122118 0.14552563428878784 135
1675419124735 0.14680320024490356 136
1675419127253 0.14412663877010345 137
1675419129868 0.14810943603515625 138
1675419132482 0.14247751235961914 139
1675419134969 0.14186280965805054 140
1675419137483 0.14869838953018188 141
1675419139987 0.14776886999607086 142
1675419142599 0.14400921761989594 143
1675419145202 0.1435415893793106 144
1675419147720 0.14393411576747894 145
1675419150252 0.14223173260688782 146
1675419152901 0.1462130844593048 147
1675419155454 0.13938534259796143 148
1675419158017 0.14158307015895844 149
