1677071265634 0.3014495372772217 0
1677071280409 0.2721980810165405 1
1677071295123 0.25071123242378235 2
1677071309850 0.22853103280067444 3
1677071324525 0.21638137102127075 4
1677071339229 0.210704505443573 5
1677071353923 0.20739415287971497 6
1677071368637 0.19495423138141632 7
1677071383384 0.20587894320487976 8
1677071398114 0.20105139911174774 9
1677071412783 0.1999872475862503 10
1677071427514 0.19464895129203796 11
1677071442252 0.1949266493320465 12
1677071456981 0.19850532710552216 13
1677071471740 0.18224018812179565 14
1677071486427 0.1911834329366684 15
1677071501176 0.18873099982738495 16
1677071515867 0.17905505001544952 17
1677071530634 0.1870587170124054 18
1677071545304 0.18392270803451538 19
1677071560000 0.1796848028898239 20
1677071574733 0.1771804541349411 21
1677071589409 0.17219209671020508 22
1677071604077 0.17638424038887024 23
1677071618776 0.168023943901062 24
1677071633506 0.1688997596502304 25
1677071648208 0.17416086792945862 26
1677071662958 0.16876903176307678 27
1677071677648 0.16476410627365112 28
1677071692375 0.1697854995727539 29
1677071707124 0.1667192429304123 30
1677071721871 0.1694556623697281 31
1677071736547 0.1713554412126541 32
1677071751242 0.16575701534748077 33
1677071765967 0.16766460239887238 34
1677071780718 0.16494502127170563 35
1677071795419 0.16773754358291626 36
1677071810108 0.17186862230300903 37
1677071824903 0.16762903332710266 38
1677071839633 0.16839145123958588 39
1677071854362 0.16778911650180817 40
1677071869091 0.16612793505191803 41
1677071883814 0.1679355502128601 42
1677071898508 0.1655987948179245 43
1677071913225 0.16824325919151306 44
1677071927934 0.16413536667823792 45
1677071942650 0.16003157198429108 46
1677071957361 0.16247627139091492 47
1677071972122 0.1634306162595749 48
1677071986852 0.16186808049678802 49
1677072001547 0.16126494109630585 50
1677072016289 0.15940257906913757 51
1677072031018 0.16200605034828186 52
1677072045770 0.1606367826461792 53
1677072060655 0.16125233471393585 54
1677072075694 0.1575193852186203 55
1677072090727 0.15925350785255432 56
1677072105557 0.16055330634117126 57
1677072120271 0.15947698056697845 58
1677072134986 0.15863800048828125 59
1677072149718 0.1616012305021286 60
1677072164445 0.16107633709907532 61
1677072179181 0.16010908782482147 62
1677072193914 0.16084909439086914 63
1677072208603 0.1585853099822998 64
1677072223308 0.15860339999198914 65
1677072238004 0.1588263064622879 66
1677072252718 0.1573464572429657 67
1677072267430 0.15851806104183197 68
1677072282174 0.1567402333021164 69
1677072296877 0.15488320589065552 70
1677072311538 0.15665867924690247 71
1677072326275 0.15514840185642242 72
1677072341016 0.15818391740322113 73
1677072355748 0.15579292178153992 74
1677072370465 0.15459702908992767 75
1677072385168 0.1543828547000885 76
1677072399902 0.15693044662475586 77
1677072414622 0.1545354276895523 78
1677072429375 0.15773001313209534 79
1677072444075 0.1554035246372223 80
1677072458755 0.15927812457084656 81
1677072473438 0.15736940503120422 82
1677072488132 0.15863947570323944 83
1677072502809 0.15526296198368073 84
1677072517509 0.15314051508903503 85
1677072532232 0.1552310436964035 86
1677072546935 0.15539005398750305 87
1677072561627 0.15325336158275604 88
1677072576327 0.15214118361473083 89
1677072591039 0.15397511422634125 90
1677072605760 0.15444080531597137 91
1677072620459 0.15367159247398376 92
1677072635123 0.15484710037708282 93
1677072649843 0.15324606001377106 94
1677072664565 0.15369386970996857 95
1677072679262 0.15290039777755737 96
1677072694218 0.15589909255504608 97
1677072708871 0.15446926653385162 98
1677072723588 0.15387187898159027 99
1677072738292 0.15231983363628387 100
1677072752962 0.15479986369609833 101
1677072767642 0.1499125063419342 102
1677072782384 0.15476717054843903 103
1677072797106 0.15334707498550415 104
1677072811795 0.15068314969539642 105
1677072826492 0.15435083210468292 106
1677072841213 0.1528255194425583 107
1677072856004 0.1526978313922882 108
1677072870733 0.14966905117034912 109
1677072885474 0.15250098705291748 110
1677072900196 0.15430837869644165 111
1677072914909 0.15082615613937378 112
1677072929587 0.15201802551746368 113
1677072944259 0.15246917307376862 114
1677072959127 0.14856763184070587 115
1677072973921 0.15135112404823303 116
1677072988621 0.15130601823329926 117
1677073003569 0.1485843062400818 118
1677073018258 0.15318803489208221 119
1677073032996 0.15032446384429932 120
1677073047680 0.14704887568950653 121
1677073062399 0.15081965923309326 122
1677073077175 0.14774487912654877 123
1677073091919 0.15556254982948303 124
1677073106632 0.1490318775177002 125
1677073121344 0.14963318407535553 126
1677073136050 0.1490776389837265 127
1677073150773 0.14682602882385254 128
1677073165492 0.14999087154865265 129
1677073180184 0.1468857228755951 130
1677073194884 0.14976269006729126 131
1677073209601 0.1503109186887741 132
1677073224340 0.15138092637062073 133
1677073239000 0.15145769715309143 134
1677073253647 0.14991210401058197 135
1677073268365 0.15042686462402344 136
1677073283085 0.15332260727882385 137
1677073297760 0.1495116800069809 138
1677073312479 0.14681129157543182 139
1677073327227 0.15058650076389313 140
1677073341964 0.15251436829566956 141
1677073356701 0.1507442146539688 142
1677073371411 0.1494336575269699 143
1677073386144 0.1471618413925171 144
1677073400856 0.15044082701206207 145
1677073415573 0.1491374522447586 146
1677073430262 0.14690126478672028 147
1677073444955 0.14586076140403748 148
1677073459671 0.149929940700531 149
