1675415679659 0.340305894613266 0
1675415683066 0.31517699360847473 1
1675415686488 0.2932252585887909 2
1675415689941 0.26276543736457825 3
1675415693515 0.2538050711154938 4
1675415696939 0.2549556791782379 5
1675415700390 0.23631300032138824 6
1675415703986 0.23922184109687805 7
1675415707439 0.24062007665634155 8
1675415710893 0.22181916236877441 9
1675415714373 0.22853901982307434 10
1675415717904 0.22070208191871643 11
1675415721389 0.21945373713970184 12
1675415724889 0.23773795366287231 13
1675415728799 0.22499924898147583 14
1675415732539 0.2233273684978485 15
1675415736244 0.22453385591506958 16
1675415739714 0.2203730195760727 17
1675415743167 0.21683117747306824 18
1675415746724 0.22050632536411285 19
1675415750423 0.2257474958896637 20
1675415754316 0.21054135262966156 21
1675415758342 0.21229097247123718 22
1675415762006 0.20777443051338196 23
1675415765647 0.21703074872493744 24
1675415769289 0.2118171751499176 25
1675415773072 0.2063036412000656 26
1675415776656 0.21284174919128418 27
1675415780183 0.20219676196575165 28
1675415783682 0.21042440831661224 29
1675415787166 0.20446187257766724 30
1675415790638 0.20944491028785706 31
1675415794404 0.20890040695667267 32
1675415798343 0.19338059425354004 33
1675415802350 0.20190274715423584 34
1675415806031 0.20284201204776764 35
1675415809867 0.19630879163742065 36
1675415813633 0.20153027772903442 37
1675415817314 0.19763273000717163 38
1675415821033 0.20043246448040009 39
1675415824730 0.19688524305820465 40
1675415828494 0.1929360330104828 41
1675415832229 0.18846265971660614 42
1675415835891 0.19385775923728943 43
1675415839431 0.2009141743183136 44
1675415842997 0.19171813130378723 45
1675415846641 0.19518758356571198 46
1675415850312 0.19156983494758606 47
1675415854008 0.19659355282783508 48
1675415857969 0.18612802028656006 49
1675415861640 0.18709030747413635 50
1675415865160 0.19432970881462097 51
1675415868804 0.18931806087493896 52
1675415872610 0.1932215690612793 53
1675415876144 0.18663205206394196 54
1675415879798 0.18414872884750366 55
1675415883594 0.18652819097042084 56
1675415887129 0.18421047925949097 57
1675415890646 0.18626882135868073 58
1675415894583 0.1944715976715088 59
1675415898550 0.18221567571163177 60
1675415902282 0.18467511236667633 61
1675415905925 0.18221604824066162 62
1675415909533 0.18688134849071503 63
1675415913047 0.18494081497192383 64
1675415916942 0.18370741605758667 65
1675415920471 0.1841186285018921 66
1675415923987 0.17913606762886047 67
1675415927503 0.18513831496238708 68
1675415931017 0.1863083392381668 69
1675415934534 0.1840086281299591 70
1675415938142 0.183709055185318 71
1675415941772 0.1864762306213379 72
1675415945441 0.17780107259750366 73
1675415949048 0.18396563827991486 74
1675415952863 0.17752553522586823 75
1675415956394 0.1865919679403305 76
1675415960237 0.18097133934497833 77
1675415964043 0.18362314999103546 78
1675415968005 0.1801622211933136 79
1675415971916 0.1812199056148529 80
1675415975696 0.18278419971466064 81
1675415979471 0.181867316365242 82
1675415983452 0.18416914343833923 83
1675415987248 0.18124628067016602 84
1675415990981 0.17801140248775482 85
1675415994689 0.18417862057685852 86
1675415998403 0.17777696251869202 87
1675416001996 0.17842884361743927 88
1675416005553 0.18301907181739807 89
1675416009077 0.18028123676776886 90
1675416012653 0.18014293909072876 91
1675416016466 0.17779119312763214 92
1675416020155 0.1822466403245926 93
1675416023687 0.1787106990814209 94
1675416027238 0.188958540558815 95
1675416030820 0.17764930427074432 96
1675416034574 0.17910772562026978 97
1675416038434 0.17975306510925293 98
1675416042018 0.174119234085083 99
1675416045569 0.17926457524299622 100
1675416049239 0.1780029982328415 101
1675416052737 0.17906272411346436 102
1675416056335 0.17561131715774536 103
1675416059851 0.17884166538715363 104
1675416063815 0.17190900444984436 105
1675416067367 0.1809147447347641 106
1675416070899 0.1760631501674652 107
1675416074387 0.1825380027294159 108
1675416077867 0.18148858845233917 109
1675416081463 0.18002508580684662 110
1675416084977 0.17614296078681946 111
1675416088599 0.17556682229042053 112
1675416092145 0.17847831547260284 113
1675416095840 0.17840398848056793 114
1675416099667 0.1754056066274643 115
1675416103649 0.17723466455936432 116
1675416107478 0.17752672731876373 117
1675416111225 0.17865855991840363 118
1675416114947 0.17727723717689514 119
1675416118713 0.17491059005260468 120
1675416122633 0.17678578197956085 121
1675416126707 0.17883308231830597 122
1675416130242 0.17200422286987305 123
1675416133800 0.17658010125160217 124
1675416137416 0.17348231375217438 125
1675416141312 0.17615263164043427 126
1675416145128 0.17485490441322327 127
1675416149208 0.1742430031299591 128
1675416153251 0.17742018401622772 129
1675416156974 0.173306405544281 130
1675416160654 0.17512744665145874 131
1675416164226 0.17453354597091675 132
1675416167699 0.17368562519550323 133
1675416171260 0.17292621731758118 134
1675416175043 0.17324699461460114 135
1675416178514 0.174015074968338 136
1675416182059 0.18167544901371002 137
1675416185527 0.17038674652576447 138
1675416189293 0.1716877818107605 139
1675416192779 0.17523135244846344 140
1675416196245 0.17342905700206757 141
1675416199730 0.17562535405158997 142
1675416203260 0.18135610222816467 143
1675416206822 0.17425687611103058 144
1675416210779 0.17228107154369354 145
1675416214746 0.17134670913219452 146
1675416218458 0.1711631715297699 147
1675416222108 0.171249657869339 148
1675416225627 0.17256301641464233 149
