1676958198977 0.3033236563205719 0
1676958203165 0.27093538641929626 1
1676958207040 0.2517619729042053 2
1676958210665 0.2305300235748291 3
1676958214306 0.21032163500785828 4
1676958217946 0.2059958130121231 5
1676958221724 0.20147937536239624 6
1676958225697 0.19392509758472443 7
1676958229338 0.20034578442573547 8
1676958232929 0.19101707637310028 9
1676958236532 0.18600378930568695 10
1676958240119 0.1802259087562561 11
1676958243797 0.18599358201026917 12
1676958247307 0.1811392605304718 13
1676958250823 0.1799703985452652 14
1676958254339 0.1821674108505249 15
1676958257831 0.17584563791751862 16
1676958261354 0.17899325489997864 17
1676958264902 0.17220236361026764 18
1676958268449 0.1732146441936493 19
1676958271995 0.17858457565307617 20
1676958275496 0.1736411154270172 21
1676958279043 0.17147862911224365 22
1676958282590 0.1709045171737671 23
1676958286137 0.16884508728981018 24
1676958289716 0.16978666186332703 25
1676958293278 0.1675153523683548 26
1676958296829 0.16809330880641937 27
1676958300387 0.16359931230545044 28
1676958303919 0.16839390993118286 29
1676958307450 0.16378729045391083 30
1676958310997 0.16592077910900116 31
1676958314498 0.16465461254119873 32
1676958318138 0.16236674785614014 33
1676958321670 0.15909108519554138 34
1676958325263 0.1624731868505478 35
1676958328826 0.164963960647583 36
1676958332373 0.16439595818519592 37
1676958335889 0.16646981239318848 38
1676958339451 0.16286341845989227 39
1676958343151 0.16141045093536377 40
1676958347064 0.15983030200004578 41
1676958350693 0.15742476284503937 42
1676958354292 0.1613152176141739 43
1676958358205 0.15795062482357025 44
1676958361928 0.1562071293592453 45
1676958366190 0.157252699136734 46
1676958370458 0.15310901403427124 47
1676958374650 0.16089193522930145 48
1676958378302 0.15284961462020874 49
1676958382157 0.153069406747818 50
1676958386052 0.15316106379032135 51
1676958389711 0.1519278585910797 52
1676958393177 0.15189844369888306 53
1676958396756 0.15249155461788177 54
1676958400287 0.15400265157222748 55
1676958403839 0.15419696271419525 56
1676958407394 0.15332439541816711 57
1676958410912 0.15119363367557526 58
1676958414491 0.14635801315307617 59
1676958418053 0.15389522910118103 60
1676958421699 0.1514034867286682 61
1676958425835 0.15489119291305542 62
1676958429553 0.15143349766731262 63
1676958433206 0.14954720437526703 64
1676958436714 0.1509583294391632 65
1676958440206 0.1516190767288208 66
1676958443698 0.14791907370090485 67
1676958447196 0.14623050391674042 68
1676958450683 0.1486392319202423 69
1676958454165 0.1477680206298828 70
1676958457762 0.14682964980602264 71
1676958461251 0.1489257961511612 72
1676958464762 0.1480063945055008 73
1676958468341 0.14903542399406433 74
1676958471955 0.14948205649852753 75
1676958475513 0.14747262001037598 76
1676958478997 0.14929255843162537 77
1676958482669 0.14954885840415955 78
1676958486232 0.1483806073665619 79
1676958489707 0.14706659317016602 80
1676958493184 0.14651450514793396 81
1676958496648 0.1437281370162964 82
1676958500174 0.14579835534095764 83
1676958503738 0.14477714896202087 84
1676958507321 0.1407877653837204 85
1676958511447 0.14815597236156464 86
1676958515334 0.14609524607658386 87
1676958519158 0.14588461816310883 88
1676958523013 0.1447502225637436 89
1676958526836 0.1478014439344406 90
1676958530690 0.1418803632259369 91
1676958534529 0.1415068656206131 92
1676958538406 0.14359967410564423 93
1676958542306 0.13866640627384186 94
1676958546268 0.14708149433135986 95
1676958550056 0.14496441185474396 96
1676958553940 0.14449812471866608 97
1676958557791 0.14256279170513153 98
1676958561652 0.14624819159507751 99
1676958565592 0.14645250141620636 100
1676958569564 0.14115430414676666 101
1676958573356 0.14599579572677612 102
1676958576946 0.1448870301246643 103
1676958580402 0.1419612467288971 104
1676958584150 0.14150826632976532 105
1676958587607 0.1421939879655838 106
1676958591103 0.1411990076303482 107
1676958594589 0.13920390605926514 108
1676958598094 0.14306597411632538 109
1676958601589 0.14076685905456543 110
1676958605462 0.13933874666690826 111
1676958609376 0.14614644646644592 112
1676958613304 0.1418728530406952 113
1676958617045 0.1428476870059967 114
1676958620471 0.1420099139213562 115
1676958624527 0.14477036893367767 116
1676958628545 0.14093562960624695 117
1676958632459 0.13894450664520264 118
1676958636255 0.14037327468395233 119
1676958640332 0.13940931856632233 120
1676958644210 0.14545923471450806 121
1676958648108 0.14449504017829895 122
1676958651947 0.1407536268234253 123
1676958655547 0.13985377550125122 124
1676958659890 0.14270392060279846 125
1676958664148 0.1397141069173813 126
1676958668127 0.14056651294231415 127
1676958672048 0.1421365737915039 128
1676958676069 0.1435946226119995 129
1676958679998 0.14279605448246002 130
1676958683793 0.13947618007659912 131
1676958687437 0.13994014263153076 132
1676958691350 0.14048314094543457 133
1676958695180 0.14082281291484833 134
1676958698874 0.13686680793762207 135
1676958702413 0.1360577642917633 136
1676958705933 0.13836708664894104 137
1676958709433 0.14105595648288727 138
1676958712993 0.1423308551311493 139
1676958716613 0.14228343963623047 140
1676958720211 0.1395287960767746 141
1676958723781 0.1401146799325943 142
1676958727329 0.1389770805835724 143
1676958730945 0.13927818834781647 144
1676958734439 0.14150017499923706 145
1676958737930 0.13925881683826447 146
1676958741464 0.13631097972393036 147
1676958745033 0.14057022333145142 148
1676958748530 0.1375151127576828 149
