1675246706893 0.2999906539916992 0
1675246709800 0.26853427290916443 1
1675246712707 0.23986372351646423 2
1675246715460 0.21706777811050415 3
1675246718086 0.18767742812633514 4
1675246720648 0.17548026144504547 5
1675246723354 0.15103213489055634 6
1675246725947 0.1427929401397705 7
1675246728555 0.14140863716602325 8
1675246731226 0.1559760719537735 9
1675246733883 0.13891826570034027 10
1675246736512 0.164285346865654 11
1675246739165 0.1740207076072693 12
1675246741759 0.1566741168498993 13
1675246744368 0.12452253699302673 14
1675246747024 0.12474841624498367 15
1675246749665 0.12065665423870087 16
1675246752259 0.12628604471683502 17
1675246754868 0.1259899139404297 18
1675246757524 0.14899927377700806 19
1675246760150 0.13872472941875458 20
1675246762806 0.1340431571006775 21
1675246765384 0.13150516152381897 22
1675246768088 0.12634828686714172 23
1675246770681 0.12033330649137497 24
1675246773338 0.12719139456748962 25
1675246776009 0.12366899102926254 26
1675246778619 0.11456404626369476 27
1675246781245 0.10657640546560287 28
1675246783869 0.10795381665229797 29
1675246786478 0.10540670901536942 30
1675246789104 0.10021917521953583 31
1675246791729 0.10480809956789017 32
1675246794338 0.10557963699102402 33
1675246796979 0.09797502309083939 34
1675246799590 0.09166543930768967 35
1675246802214 0.10133058577775955 36
1675246804826 0.10076211392879486 37
1675246807558 0.09555734694004059 38
1675246810570 0.0886109322309494 39
1675246813292 0.09017779678106308 40
1675246815933 0.08822530508041382 41
1675246818558 0.0802159532904625 42
1675246821136 0.08338677138090134 43
1675246823792 0.0834057629108429 44
1675246826433 0.08256654441356659 45
1675246829152 0.08129499852657318 46
1675246831933 0.08155257999897003 47
1675246834687 0.08812281489372253 48
1675246837487 0.07737600058317184 49
1675246840252 0.07817430049180984 50
1675246843048 0.09177028387784958 51
1675246845753 0.08249983191490173 52
1675246848502 0.07929711788892746 53
1675246851361 0.07977031916379929 54
1675246854285 0.08349175751209259 55
1675246856908 0.07937009632587433 56
1675246859518 0.08041631430387497 57
1675246862145 0.07633508741855621 58
1675246864738 0.07590106129646301 59
1675246867347 0.07873007655143738 60
1675246869988 0.07578475028276443 61
1675246872612 0.07894638180732727 62
1675246875252 0.07564833760261536 63
1675246877878 0.07891232520341873 64
1675246880456 0.07945071905851364 65
1675246883049 0.07192382961511612 66
1675246886040 0.0758577510714531 67
1675246888907 0.07193528115749359 68
1675246891646 0.07677723467350006 69
1675246894253 0.07765074074268341 70
1675246896895 0.07222270965576172 71
1675246899503 0.07446704804897308 72
1675246902099 0.0766579881310463 73
1675246904707 0.07108530402183533 74
1675246907379 0.07479938119649887 75
1675246910067 0.0703248381614685 76
1675246912936 0.06762190908193588 77
1675246915629 0.06859461963176727 78
1675246918180 0.07227057218551636 79
1675246920849 0.0715179368853569 80
1675246923452 0.06814386695623398 81
1675246926040 0.06829255074262619 82
1675246928696 0.07590305060148239 83
1675246931290 0.08073590695858002 84
1675246933861 0.07221951335668564 85
1675246936458 0.07169348001480103 86
1675246939078 0.07159867137670517 87
1675246941830 0.06953899562358856 88
1675246944651 0.07105892896652222 89
1675246947240 0.07026481628417969 90
1675246949850 0.06936907768249512 91
1675246952506 0.07310106605291367 92
1675246955261 0.06953877210617065 93
1675246958110 0.06923261284828186 94
1675246961009 0.06756561249494553 95
1675246963973 0.06934009492397308 96
1675246966912 0.07063501328229904 97
1675246969657 0.07175568491220474 98
1675246972455 0.07412723451852798 99
1675246975180 0.07026708126068115 100
1675246977765 0.07096963375806808 101
1675246980533 0.0676225796341896 102
1675246983133 0.06659168004989624 103
1675246985889 0.07431881129741669 104
1675246988544 0.06666555255651474 105
1675246991196 0.06724929064512253 106
1675246993903 0.0662744790315628 107
1675246996676 0.06958117336034775 108
1675246999326 0.07061372697353363 109
1675247002194 0.06678884476423264 110
1675247004902 0.0685734674334526 111
1675247007444 0.06420700252056122 112
1675247009974 0.06690996885299683 113
1675247012552 0.07247068732976913 114
1675247015115 0.07175151258707047 115
1675247017675 0.06375625729560852 116
1675247020334 0.06727498769760132 117
1675247023321 0.06515934318304062 118
1675247026009 0.06982479244470596 119
1675247028587 0.07146333158016205 120
1675247031298 0.06953690946102142 121
1675247033861 0.0679490864276886 122
1675247036522 0.07303628325462341 123
1675247039652 0.07681795954704285 124
1675247042623 0.06794874370098114 125
1675247045388 0.06964270770549774 126
1675247048113 0.0676441565155983 127
1675247050660 0.06938786059617996 128
1675247053191 0.06678487360477448 129
1675247055723 0.07058598101139069 130
1675247058268 0.0661134123802185 131
1675247061011 0.06381700187921524 132
1675247063594 0.06895802915096283 133
1675247066156 0.07134987413883209 134
1675247068909 0.06587203592061996 135
1675247071471 0.06336469203233719 136
1675247074205 0.06607022881507874 137
1675247076755 0.07172977924346924 138
1675247079277 0.07097292691469193 139
1675247081817 0.0667099729180336 140
1675247084356 0.06680116802453995 141
1675247086903 0.07036615163087845 142
1675247089481 0.07098495960235596 143
1675247092153 0.06926539540290833 144
1675247094809 0.07270975410938263 145
1675247097387 0.07086054235696793 146
1675247099918 0.06860197335481644 147
1675247102465 0.06839825212955475 148
1675247105012 0.06904707103967667 149
