1675410183514 0.2989112138748169 0
1675410186234 0.27049487829208374 1
1675410189000 0.23629304766654968 2
1675410191796 0.2184271365404129 3
1675410194515 0.2023966908454895 4
1675410197255 0.19288408756256104 5
1675410199969 0.18561913073062897 6
1675410202579 0.1895262897014618 7
1675410205174 0.1741868555545807 8
1675410207765 0.1787305325269699 9
1675410210423 0.17270001769065857 10
1675410213016 0.17438983917236328 11
1675410215612 0.1721261441707611 12
1675410218215 0.164915531873703 13
1675410220750 0.16432256996631622 14
1675410223385 0.17295290529727936 15
1675410226003 0.16972388327121735 16
1675410228563 0.1679341048002243 17
1675410231204 0.1616794466972351 18
1675410233876 0.1626768708229065 19
1675410236517 0.1600850224494934 20
1675410239173 0.15581166744232178 21
1675410241767 0.16094090044498444 22
1675410244439 0.15434333682060242 23
1675410247004 0.15669861435890198 24
1675410249643 0.16196124255657196 25
1675410252285 0.14546549320220947 26
1675410254908 0.16792741417884827 27
1675410257439 0.16889692842960358 28
1675410259987 0.157279834151268 29
1675410262621 0.15550445020198822 30
1675410265189 0.1483006328344345 31
1675410267709 0.1583511233329773 32
1675410270268 0.15354600548744202 33
1675410272956 0.1533484160900116 34
1675410275502 0.14719948172569275 35
1675410278034 0.15060307085514069 36
1675410280534 0.1496468484401703 37
1675410283049 0.14961466193199158 38
1675410285550 0.1511165201663971 39
1675410288066 0.1500813364982605 40
1675410290565 0.1531309187412262 41
1675410293097 0.14677385985851288 42
1675410295645 0.1579587757587433 43
1675410298222 0.14278890192508698 44
1675410300754 0.1510426253080368 45
1675410303334 0.14547134935855865 46
1675410305894 0.1394394338130951 47
1675410308520 0.14856699109077454 48
1675410311130 0.1451614946126938 49
1675410313786 0.14989887177944183 50
1675410316609 0.14187191426753998 51
1675410319311 0.14772433042526245 52
1675410322055 0.1434490978717804 53
1675410324824 0.14999084174633026 54
1675410327644 0.1455402970314026 55
1675410330223 0.14590434730052948 56
1675410332786 0.14722314476966858 57
1675410335434 0.14327961206436157 58
1675410337989 0.1433837115764618 59
1675410340661 0.15063172578811646 60
1675410343223 0.14142794907093048 61
1675410345739 0.1449761539697647 62
1675410348271 0.143421933054924 63
1675410350786 0.13834258913993835 64
1675410353349 0.14058604836463928 65
1675410356021 0.13713498413562775 66
1675410358768 0.14753879606723785 67
1675410361489 0.1392156481742859 68
1675410364124 0.13794974982738495 69
1675410366781 0.14139968156814575 70
1675410369466 0.13813738524913788 71
1675410372103 0.13759519159793854 72
1675410374657 0.1405625343322754 73
1675410377332 0.14286915957927704 74
1675410379942 0.13827072083950043 75
1675410382461 0.13825006783008575 76
1675410384980 0.13932937383651733 77
1675410387568 0.14059355854988098 78
1675410390037 0.13727375864982605 79
1675410392551 0.13415750861167908 80
1675410395242 0.14467531442642212 81
1675410397820 0.1365157961845398 82
1675410400808 0.13669374585151672 83
1675410403995 0.1379796266555786 84
1675410407203 0.1388615518808365 85
1675410410276 0.1415926218032837 86
1675410413137 0.14375437796115875 87
1675410415770 0.13625192642211914 88
1675410418447 0.1350598782300949 89
1675410421163 0.13687783479690552 90
1675410423896 0.13375002145767212 91
1675410426558 0.1402490735054016 92
1675410429437 0.138729989528656 93
1675410432290 0.1414816677570343 94
1675410435129 0.14447246491909027 95
1675410438067 0.1387803703546524 96
1675410440767 0.1460498869419098 97
1675410443476 0.13933855295181274 98
1675410446180 0.13403546810150146 99
1675410448813 0.13932231068611145 100
1675410451573 0.1400022953748703 101
1675410454732 0.13196821510791779 102
1675410457677 0.1462792456150055 103
1675410460759 0.14199653267860413 104
1675410463663 0.1517135053873062 105
1675410466480 0.14354588091373444 106
1675410469330 0.1368306428194046 107
1675410472148 0.1379244476556778 108
1675410474897 0.13878612220287323 109
1675410477722 0.14025621116161346 110
1675410480538 0.1341581493616104 111
1675410483348 0.13293324410915375 112
1675410486144 0.1410302221775055 113
1675410488922 0.14070673286914825 114
1675410491725 0.13293561339378357 115
1675410494531 0.1396564245223999 116
1675410497295 0.13910947740077972 117
1675410500133 0.13949918746948242 118
1675410502975 0.1331014782190323 119
1675410505671 0.13609445095062256 120
1675410508305 0.13597995042800903 121
1675410511046 0.13974511623382568 122
1675410513655 0.1404043585062027 123
1675410516213 0.14036598801612854 124
1675410519020 0.14290979504585266 125
1675410521642 0.13508209586143494 126
1675410524308 0.13442441821098328 127
1675410526872 0.14192822575569153 128
1675410529395 0.1385117918252945 129
1675410531919 0.14054858684539795 130
1675410534465 0.13880380988121033 131
1675410537170 0.1404312252998352 132
1675410539991 0.13648061454296112 133
1675410542593 0.13640426099300385 134
1675410545304 0.138163223862648 135
1675410547965 0.13628563284873962 136
1675410550680 0.13423152267932892 137
1675410553649 0.13528265058994293 138
1675410556182 0.1408197581768036 139
1675410558869 0.1325477659702301 140
1675410561479 0.13884729146957397 141
1675410564182 0.13450171053409576 142
1675410566776 0.13472943007946014 143
1675410569369 0.13547749817371368 144
1675410572036 0.13467638194561005 145
1675410574666 0.13419780135154724 146
1675410577263 0.13599199056625366 147
1675410579901 0.1408320516347885 148
1675410582526 0.13685820996761322 149
