1675936592796 0.2964079678058624 0
1675936595594 0.2675153911113739 1
1675936598427 0.23703986406326294 2
1675936601108 0.22738224267959595 3
1675936603894 0.21323828399181366 4
1675936606612 0.20683813095092773 5
1675936609334 0.19801713526248932 6
1675936611985 0.19398386776447296 7
1675936614710 0.19540534913539886 8
1675936617397 0.1901247650384903 9
1675936620047 0.1842392534017563 10
1675936622652 0.18161541223526 11
1675936625253 0.17771871387958527 12
1675936628164 0.17142513394355774 13
1675936631225 0.1711510717868805 14
1675936634226 0.169771209359169 15
1675936637280 0.17499293386936188 16
1675936640259 0.16350781917572021 17
1675936643247 0.16092129051685333 18
1675936646217 0.16579894721508026 19
1675936648834 0.16773812472820282 20
1675936651465 0.1636885553598404 21
1675936654069 0.16868595778942108 22
1675936656700 0.16798993945121765 23
1675936659395 0.16194899380207062 24
1675936662298 0.15567117929458618 25
1675936665073 0.1614360511302948 26
1675936667653 0.16200366616249084 27
1675936670302 0.1536296010017395 28
1675936672918 0.1579839587211609 29
1675936675594 0.15747451782226562 30
1675936678227 0.163153737783432 31
1675936680933 0.15226319432258606 32
1675936683620 0.1544419229030609 33
1675936686236 0.15435285866260529 34
1675936689215 0.15830200910568237 35
1675936692125 0.14851821959018707 36
1675936694735 0.14644771814346313 37
1675936697398 0.1532420665025711 38
1675936700033 0.1448284387588501 39
1675936702632 0.14482687413692474 40
1675936705268 0.14868701994419098 41
1675936707838 0.15286482870578766 42
1675936710439 0.14643622934818268 43
1675936713066 0.152670219540596 44
1675936716051 0.14782141149044037 45
1675936718738 0.14966939389705658 46
1675936721466 0.15147528052330017 47
1675936724184 0.1450684368610382 48
1675936726842 0.1443101167678833 49
1675936729579 0.15005716681480408 50
1675936732268 0.14558076858520508 51
1675936734933 0.15487487614154816 52
1675936737569 0.1441558450460434 53
1675936740218 0.15142226219177246 54
1675936742884 0.14368776977062225 55
1675936745518 0.14332449436187744 56
1675936748155 0.14466263353824615 57
1675936750817 0.14346802234649658 58
1675936753842 0.14331091940402985 59
1675936756737 0.14149202406406403 60
1675936759577 0.14124900102615356 61
1675936762280 0.1454322785139084 62
1675936764966 0.14784836769104004 63
1675936767676 0.14524610340595245 64
1675936770313 0.14283201098442078 65
1675936773131 0.14520388841629028 66
1675936776298 0.14571137726306915 67
1675936779263 0.14373204112052917 68
1675936782612 0.14768055081367493 69
1675936785537 0.14169810712337494 70
1675936788451 0.1414230465888977 71
1675936791381 0.1415235996246338 72
1675936794554 0.1446206122636795 73
1675936797500 0.14595837891101837 74
1675936800217 0.14082056283950806 75
1675936802902 0.14864003658294678 76
1675936805779 0.14859183132648468 77
1675936808583 0.1415911614894867 78
1675936811274 0.14514315128326416 79
1675936813920 0.14653581380844116 80
1675936816618 0.1419427990913391 81
1675936819271 0.1390920877456665 82
1675936821917 0.14140114188194275 83
1675936824571 0.1372872143983841 84
1675936827313 0.13643117249011993 85
1675936830005 0.1405225694179535 86
1675936832717 0.14379815757274628 87
1675936835450 0.14585687220096588 88
1675936838121 0.14028774201869965 89
1675936840850 0.14434941112995148 90
1675936843864 0.14156439900398254 91
1675936846677 0.1401749849319458 92
1675936849386 0.1412743479013443 93
1675936852116 0.14222373068332672 94
1675936854886 0.14238883554935455 95
1675936857562 0.13909856975078583 96
1675936860215 0.14280164241790771 97
1675936862842 0.13992376625537872 98
1675936865489 0.13572438061237335 99
1675936868088 0.1395639032125473 100
1675936870774 0.1414923220872879 101
1675936873409 0.14171667397022247 102
1675936876026 0.13775013387203217 103
1675936878691 0.13743679225444794 104
1675936881326 0.1394408643245697 105
1675936883992 0.13830187916755676 106
1675936886688 0.14113125205039978 107
1675936889404 0.1435566544532776 108
1675936892527 0.1378132551908493 109
1675936895338 0.1384088546037674 110
1675936898196 0.1376354694366455 111
1675936901071 0.13592064380645752 112
1675936903739 0.13898080587387085 113
1675936906407 0.1427874118089676 114
1675936909071 0.1391810029745102 115
1675936911740 0.13517044484615326 116
1675936914405 0.13809973001480103 117
1675936917407 0.144481360912323 118
1675936920095 0.13931013643741608 119
1675936922885 0.141641303896904 120
1675936925583 0.14251574873924255 121
1675936928280 0.14298447966575623 122
1675936930954 0.13882867991924286 123
1675936933626 0.13812531530857086 124
1675936936275 0.14200186729431152 125
1675936938962 0.1362026035785675 126
1675936941657 0.1360854208469391 127
1675936944302 0.1452341079711914 128
1675936946945 0.14098961651325226 129
1675936949596 0.14079998433589935 130
1675936952242 0.13565723598003387 131
1675936954863 0.13445766270160675 132
1675936957851 0.13585910201072693 133
1675936960640 0.13544267416000366 134
1675936963687 0.13691143691539764 135
1675936966498 0.13718031346797943 136
1675936969129 0.13811083137989044 137
1675936971861 0.13811367750167847 138
1675936974556 0.13613136112689972 139
1675936977195 0.13774918019771576 140
1675936979828 0.13536415994167328 141
1675936982508 0.14101053774356842 142
1675936985341 0.13842619955539703 143
1675936988701 0.1393643617630005 144
1675936991556 0.13690777122974396 145
1675936994430 0.13961577415466309 146
1675936997157 0.138024240732193 147
1675937000041 0.13489356637001038 148
1675937002819 0.13526605069637299 149
