1675419210419 0.2898249924182892 0
1675419213773 0.26109516620635986 1
1675419217103 0.2469281554222107 2
1675419220471 0.22679312527179718 3
1675419223873 0.2152530699968338 4
1675419227188 0.20310214161872864 5
1675419230640 0.2017332911491394 6
1675419233978 0.18793421983718872 7
1675419237304 0.18898314237594604 8
1675419240647 0.17856258153915405 9
1675419244073 0.1704423874616623 10
1675419247371 0.18025413155555725 11
1675419250804 0.16961783170700073 12
1675419254140 0.16679689288139343 13
1675419257606 0.15825560688972473 14
1675419260958 0.16990889608860016 15
1675419264305 0.17996421456336975 16
1675419267758 0.16968101263046265 17
1675419271105 0.16181474924087524 18
1675419274455 0.16761842370033264 19
1675419277922 0.17137357592582703 20
1675419281240 0.16225209832191467 21
1675419284555 0.16286017000675201 22
1675419287923 0.167700856924057 23
1675419291322 0.157725527882576 24
1675419294705 0.15591003000736237 25
1675419298170 0.15381672978401184 26
1675419301576 0.15172655880451202 27
1675419304968 0.15425002574920654 28
1675419308289 0.16100408136844635 29
1675419311660 0.1526639610528946 30
1675419315023 0.15988925099372864 31
1675419318381 0.1574913114309311 32
1675419321708 0.15013408660888672 33
1675419325135 0.15270745754241943 34
1675419328854 0.1525721251964569 35
1675419332391 0.15644177794456482 36
1675419335743 0.1506848782300949 37
1675419339077 0.1558387577533722 38
1675419342435 0.1491948962211609 39
1675419345761 0.14725583791732788 40
1675419349125 0.14490126073360443 41
1675419352460 0.16022318601608276 42
1675419355908 0.15587218105793 43
1675419359371 0.1516016125679016 44
1675419362694 0.14601613581180573 45
1675419366029 0.14397649466991425 46
1675419369363 0.13913285732269287 47
1675419372692 0.1488535851240158 48
1675419376041 0.15533864498138428 49
1675419379477 0.14540733397006989 50
1675419382812 0.14740997552871704 51
1675419386126 0.14464358985424042 52
1675419389462 0.14042161405086517 53
1675419392911 0.13978834450244904 54
1675419396209 0.14221909642219543 55
1675419399645 0.15073040127754211 56
1675419402980 0.145448699593544 57
1675419406361 0.14512169361114502 58
1675419409664 0.13836926221847534 59
1675419413123 0.1384497731924057 60
1675419416477 0.14022204279899597 61
1675419419833 0.1434958279132843 62
1675419423244 0.14345213770866394 63
1675419426547 0.1416197419166565 64
1675419429848 0.14317001402378082 65
1675419433174 0.1474493145942688 66
1675419436610 0.14415866136550903 67
1675419439978 0.13751505315303802 68
1675419443313 0.13290998339653015 69
1675419446796 0.1375102400779724 70
1675419450330 0.1403692364692688 71
1675419453644 0.13778255879878998 72
1675419456974 0.14427462220191956 73
1675419460314 0.1442948877811432 74
1675419463762 0.13526740670204163 75
1675419467196 0.14170873165130615 76
1675419470582 0.13705894351005554 77
1675419473963 0.13874441385269165 78
1675419477273 0.14249658584594727 79
1675419480549 0.1338852196931839 80
1675419484032 0.1362578421831131 81
1675419487415 0.1392880529165268 82
1675419490781 0.13723009824752808 83
1675419494224 0.13563263416290283 84
1675419497548 0.13390924036502838 85
1675419500913 0.1328764259815216 86
1675419504217 0.14211247861385345 87
1675419507550 0.13159771263599396 88
1675419510863 0.1336105465888977 89
1675419514163 0.13603103160858154 90
1675419517534 0.1362183541059494 91
1675419520970 0.13258081674575806 92
1675419524366 0.13279922306537628 93
1675419527698 0.13685046136379242 94
1675419531114 0.13430967926979065 95
1675419534542 0.132546529173851 96
1675419537976 0.1336418092250824 97
1675419541285 0.13475731015205383 98
1675419544590 0.1364387571811676 99
1675419547899 0.13251210749149323 100
1675419551285 0.1394229233264923 101
1675419554614 0.13550230860710144 102
1675419557917 0.13922421634197235 103
1675419561315 0.13604746758937836 104
1675419564666 0.13233262300491333 105
1675419567984 0.13882818818092346 106
1675419571339 0.1301683485507965 107
1675419574636 0.13366985321044922 108
1675419577918 0.13647697865962982 109
1675419581216 0.13278815150260925 110
1675419584520 0.13562336564064026 111
1675419587816 0.1326637864112854 112
1675419591134 0.1350300908088684 113
1675419594421 0.13067452609539032 114
1675419597817 0.1333117038011551 115
1675419601119 0.13242806494235992 116
1675419604549 0.13417334854602814 117
1675419607854 0.12968015670776367 118
1675419611117 0.13697002828121185 119
1675419614436 0.132308229804039 120
1675419617686 0.13629338145256042 121
1675419620955 0.1405935287475586 122
1675419624252 0.1342245638370514 123
1675419627521 0.1296175867319107 124
1675419630822 0.13478314876556396 125
1675419634302 0.13322578370571136 126
1675419637601 0.13180527091026306 127
1675419640918 0.14035393297672272 128
1675419644187 0.13705666363239288 129
1675419647453 0.12998099625110626 130
1675419650785 0.1318296641111374 131
1675419654103 0.13102416694164276 132
1675419657436 0.13619491457939148 133
1675419660737 0.13355247676372528 134
1675419664049 0.1326000988483429 135
1675419667333 0.13281665742397308 136
1675419670705 0.12845058739185333 137
1675419674104 0.13157464563846588 138
1675419677406 0.1340935081243515 139
1675419680804 0.13001619279384613 140
1675419684157 0.13400162756443024 141
1675419687456 0.1345822960138321 142
1675419690771 0.12586890161037445 143
1675419694124 0.13037963211536407 144
1675419697420 0.1311192661523819 145
1675419700690 0.13251090049743652 146
1675419703988 0.13121521472930908 147
1675419707389 0.13396824896335602 148
1675419710875 0.12635402381420135 149
