1675253154010 0.2961253225803375 0
1675253156994 0.2781495153903961 1
1675253160099 0.2695055305957794 2
1675253163057 0.2585097551345825 3
1675253166045 0.24684180319309235 4
1675253168937 0.23782563209533691 5
1675253171850 0.22651632130146027 6
1675253174772 0.21461127698421478 7
1675253177663 0.2014380395412445 8
1675253180491 0.17524808645248413 9
1675253183464 0.15488366782665253 10
1675253186307 0.14541476964950562 11
1675253189189 0.13261941075325012 12
1675253191970 0.12195200473070145 13
1675253194746 0.11625128984451294 14
1675253197554 0.11527678370475769 15
1675253200210 0.10056892782449722 16
1675253203041 0.09352055937051773 17
1675253205710 0.08868978917598724 18
1675253208331 0.09308139979839325 19
1675253210987 0.08760281652212143 20
1675253213616 0.08344896137714386 21
1675253216271 0.08373844623565674 22
1675253218982 0.08352714031934738 23
1675253222004 0.08369249850511551 24
1675253224761 0.09894163906574249 25
1675253227505 0.08829144388437271 26
1675253230745 0.08383132517337799 27
1675253233618 0.07955273240804672 28
1675253236263 0.0841796025633812 29
1675253239138 0.07716565579175949 30
1675253242138 0.07952186465263367 31
1675253244935 0.07682811468839645 32
1675253247652 0.07606766372919083 33
1675253250341 0.07332469522953033 34
1675253253005 0.07320864498615265 35
1675253255794 0.07508756220340729 36
1675253258529 0.07668919861316681 37
1675253261248 0.06987005472183228 38
1675253263967 0.07437240332365036 39
1675253266653 0.0725841373205185 40
1675253269405 0.0697600468993187 41
1675253272092 0.07145648449659348 42
1675253274764 0.0694391280412674 43
1675253277420 0.07254504412412643 44
1675253280061 0.06611751765012741 45
1675253282795 0.06870299577713013 46
1675253285608 0.06706427037715912 47
1675253288322 0.07179941236972809 48
1675253291069 0.06976380944252014 49
1675253293753 0.0680234432220459 50
1675253296392 0.06528733670711517 51
1675253299269 0.06409110873937607 52
1675253302006 0.06589879840612411 53
1675253304709 0.06867801398038864 54
1675253307484 0.06922907382249832 55
1675253310266 0.06563438475131989 56
1675253312984 0.06542113423347473 57
1675253315687 0.06605253368616104 58
1675253318469 0.06891150772571564 59
1675253321156 0.06561950594186783 60
1675253323813 0.06664244085550308 61
1675253326488 0.06231207028031349 62
1675253329141 0.06641829758882523 63
1675253331797 0.06762713938951492 64
1675253334454 0.06526906043291092 65
1675253337126 0.06451787799596786 66
1675253339782 0.0630434975028038 67
1675253342437 0.06297621130943298 68
1675253345180 0.061985842883586884 69
1675253347911 0.062008801847696304 70
1675253350625 0.06290624290704727 71
1675253353380 0.06381453573703766 72
1675253356268 0.06102520599961281 73
1675253359046 0.07109101861715317 74
1675253361765 0.06427702307701111 75
1675253364628 0.06208084151148796 76
1675253367419 0.06076311320066452 77
1675253370270 0.061543602496385574 78
1675253372925 0.06028374284505844 79
1675253375596 0.05988680571317673 80
1675253378268 0.055770523846149445 81
1675253380956 0.05616079270839691 82
1675253383624 0.059606630355119705 83
1675253386410 0.061875324696302414 84
1675253389159 0.06156453490257263 85
1675253391918 0.05771825835108757 86
1675253394621 0.05533906817436218 87
1675253397262 0.05693932622671127 88
1675253399918 0.05668984726071358 89
1675253402675 0.0543508380651474 90
1675253405550 0.057032838463783264 91
1675253408673 0.05679630860686302 92
1675253411807 0.05761580169200897 93
1675253414485 0.05705805867910385 94
1675253417235 0.05598701536655426 95
1675253419985 0.05263964459300041 96
1675253422658 0.053719308227300644 97
1675253425413 0.05280309543013573 98
1675253428096 0.05798660218715668 99
1675253430799 0.05369529128074646 100
1675253433471 0.05292655527591705 101
1675253436147 0.05581812560558319 102
1675253438850 0.053905192762613297 103
1675253441647 0.05459856986999512 104
1675253444334 0.05508105084300041 105
1675253446991 0.05514969676733017 106
1675253449663 0.060661930590867996 107
1675253452389 0.05731109902262688 108
1675253455141 0.0588994137942791 109
1675253457878 0.05442716181278229 110
1675253460572 0.05300643667578697 111
1675253463504 0.05481157451868057 112
1675253466430 0.05407794192433357 113
1675253469117 0.05298269912600517 114
1675253471907 0.05281451717019081 115
1675253474641 0.052557606250047684 116
1675253477407 0.05467871576547623 117
1675253480173 0.05335726588964462 118
1675253482855 0.053765323013067245 119
1675253485552 0.05242935195565224 120
1675253488433 0.05596870556473732 121
1675253491178 0.05410054326057434 122
1675253493834 0.054158974438905716 123
1675253496491 0.05462577939033508 124
1675253499162 0.05509679764509201 125
1675253501929 0.052228089421987534 126
1675253504772 0.05592508614063263 127
1675253507492 0.056272320449352264 128
1675253510179 0.051859527826309204 129
1675253512929 0.04907843470573425 130
1675253515710 0.05547922104597092 131
1675253518445 0.05187012255191803 132
1675253521211 0.05565265193581581 133
1675253523930 0.054566916078329086 134
1675253526742 0.05345935747027397 135
1675253529445 0.05069504305720329 136
1675253532195 0.05309974029660225 137
1675253534945 0.05297399312257767 138
1675253537695 0.052966561168432236 139
1675253540430 0.049165479838848114 140
1675253543227 0.05157242715358734 141
1675253545915 0.05353298783302307 142
1675253548711 0.05089101940393448 143
1675253551430 0.05234099179506302 144
1675253554243 0.050583478063344955 145
1675253556993 0.053054701536893845 146
1675253559711 0.051544465124607086 147
1675253562478 0.05266823619604111 148
1675253565259 0.0537479966878891 149
