1675251650337 0.3477112948894501 0
1675251653511 0.32455500960350037 1
1675251656739 0.3098248839378357 2
1675251659683 0.28877654671669006 3
1675251662680 0.272238165140152 4
1675251665507 0.2348422259092331 5
1675251668413 0.2153109759092331 6
1675251671220 0.1857016533613205 7
1675251674165 0.1871030628681183 8
1675251677023 0.17511199414730072 9
1675251680002 0.17767976224422455 10
1675251683478 0.17196501791477203 11
1675251686702 0.15858586132526398 12
1675251689849 0.17742647230625153 13
1675251693177 0.1683746576309204 14
1675251696533 0.17365504801273346 15
1675251699858 0.15197664499282837 16
1675251703047 0.15104468166828156 17
1675251706126 0.15109041333198547 18
1675251709504 0.14006094634532928 19
1675251712852 0.14889386296272278 20
1675251715936 0.15316858887672424 21
1675251719120 0.1519206166267395 22
1675251722051 0.1466400921344757 23
1675251724780 0.14384546875953674 24
1675251727610 0.1350085288286209 25
1675251730428 0.13491004705429077 26
1675251733312 0.13033629953861237 27
1675251736576 0.12612847983837128 28
1675251739299 0.12701156735420227 29
1675251742115 0.13123415410518646 30
1675251744996 0.1163000613451004 31
1675251747861 0.12384123355150223 32
1675251750680 0.11611563712358475 33
1675251753600 0.11428610980510712 34
1675251756530 0.11067244410514832 35
1675251759649 0.10499922931194305 36
1675251763032 0.10130435228347778 37
1675251765831 0.10279860347509384 38
1675251768908 0.10872025042772293 39
1675251772052 0.10100984573364258 40
1675251775408 0.09178566932678223 41
1675251778356 0.09556055068969727 42
1675251781302 0.09275563061237335 43
1675251784164 0.08922093361616135 44
1675251787089 0.09342546761035919 45
1675251789905 0.09128989279270172 46
1675251792680 0.08710107952356339 47
1675251795540 0.08788564801216125 48
1675251798513 0.09139364957809448 49
1675251801350 0.08910173922777176 50
1675251804244 0.08925724774599075 51
1675251807057 0.08322592824697495 52
1675251809918 0.08480558544397354 53
1675251813602 0.08005926012992859 54
1675251816580 0.09958966076374054 55
1675251819306 0.09300477802753448 56
1675251822041 0.09123466908931732 57
1675251824822 0.08920697122812271 58
1675251827587 0.08893801271915436 59
1675251830322 0.08886614441871643 60
1675251833119 0.08455972373485565 61
1675251835967 0.08672238141298294 62
1675251838666 0.08160658180713654 63
1675251841494 0.07942186295986176 64
1675251844213 0.08395164459943771 65
1675251846886 0.07965762168169022 66
1675251849620 0.08600881695747375 67
1675251852370 0.08391734957695007 68
1675251855119 0.08394867926836014 69
1675251857854 0.07712072879076004 70
1675251860636 0.07515192031860352 71
1675251863370 0.08402767032384872 72
1675251866166 0.08154217898845673 73
1675251869034 0.08185378462076187 74
1675251871715 0.0775446742773056 75
1675251874605 0.07753117382526398 76
1675251877323 0.08143370598554611 77
1675251880073 0.07397285848855972 78
1675251882808 0.07298430800437927 79
1675251885616 0.07321644574403763 80
1675251888458 0.07672584056854248 81
1675251891183 0.07428715378046036 82
1675251894012 0.07645030319690704 83
1675251896778 0.07280974835157394 84
1675251899496 0.07322630286216736 85
1675251902322 0.08076764643192291 86
1675251905269 0.07231534272432327 87
1675251908015 0.07353903353214264 88
1675251910822 0.07091677933931351 89
1675251913729 0.0731494203209877 90
1675251916508 0.0768902599811554 91
1675251919321 0.07597305625677109 92
1675251922149 0.07100684195756912 93
1675251924930 0.07505454868078232 94
1675251927723 0.06801015883684158 95
1675251930773 0.06774035841226578 96
1675251934069 0.0698818489909172 97
1675251937118 0.0709046944975853 98
1675251940089 0.07334165275096893 99
1675251943301 0.07282202690839767 100
1675251946164 0.06998497992753983 101
1675251949170 0.06786218285560608 102
1675251951992 0.06763889640569687 103
1675251954722 0.07066281884908676 104
1675251957662 0.06513399630784988 105
1675251960474 0.06665391474962234 106
1675251963246 0.07035743445158005 107
1675251966077 0.06576110422611237 108
1675251969415 0.06930754333734512 109
1675251972609 0.06679883599281311 110
1675251975509 0.06846841424703598 111
1675251978354 0.07273954153060913 112
1675251981271 0.06758269667625427 113
1675251984407 0.07868131995201111 114
1675251987192 0.07294671982526779 115
1675251990049 0.07341364026069641 116
1675251993054 0.06495910882949829 117
1675251996357 0.06457958370447159 118
1675251999450 0.07034362107515335 119
1675252002454 0.06462591141462326 120
1675252005205 0.06667270511388779 121
1675252007953 0.0714109018445015 122
1675252010704 0.06847238540649414 123
1675252013404 0.06677793711423874 124
1675252016148 0.06865884363651276 125
1675252018934 0.06732267141342163 126
1675252021803 0.06505753099918365 127
1675252025059 0.07695955783128738 128
1675252028111 0.07205706834793091 129
1675252030846 0.07278839498758316 130
1675252033611 0.06802649050951004 131
1675252036548 0.06631316244602203 132
1675252039268 0.07036037743091583 133
1675252041988 0.06572169065475464 134
1675252044830 0.06715317815542221 135
1675252047611 0.06402330100536346 136
1675252051237 0.06713496148586273 137
1675252053991 0.06914373487234116 138
1675252056753 0.06301233172416687 139
1675252059719 0.06884918361902237 140
1675252062537 0.06556643545627594 141
1675252065334 0.0641515776515007 142
1675252068069 0.06992599368095398 143
1675252070820 0.06463435292243958 144
1675252073672 0.06536595523357391 145
1675252076554 0.06814569234848022 146
1675252079359 0.06341462582349777 147
1675252082189 0.07118766754865646 148
1675252084935 0.06433294713497162 149
