1675410631356 0.5047299861907959 0
1675410634247 0.4933919906616211 1
1675410637105 0.47897058725357056 2
1675410639982 0.466742604970932 3
1675410642856 0.4441152513027191 4
1675410645716 0.4253160357475281 5
1675410648576 0.4165768027305603 6
1675410651497 0.3689594864845276 7
1675410654372 0.3588780164718628 8
1675410657216 0.328843355178833 9
1675410660140 0.333861768245697 10
1675410662981 0.31554239988327026 11
1675410665841 0.3056237995624542 12
1675410668779 0.31152257323265076 13
1675410671633 0.31291908025741577 14
1675410674540 0.30837053060531616 15
1675410677420 0.29302316904067993 16
1675410680311 0.30051976442337036 17
1675410683171 0.30476152896881104 18
1675410686013 0.28595778346061707 19
1675410688904 0.28701910376548767 20
1675410691774 0.2817777097225189 21
1675410694654 0.2663830518722534 22
1675410697501 0.26572683453559875 23
1675410700406 0.25995373725891113 24
1675410703265 0.25648263096809387 25
1675410706150 0.24901485443115234 26
1675410708999 0.2540007531642914 27
1675410711905 0.2542353570461273 28
1675410714780 0.24951821565628052 29
1675410717649 0.24187149107456207 30
1675410720516 0.2492693066596985 31
1675410723407 0.2549888491630554 32
1675410726282 0.25378790497779846 33
1675410729126 0.24922096729278564 34
1675410732078 0.24783140420913696 35
1675410734922 0.24784955382347107 36
1675410737859 0.24647094309329987 37
1675410740687 0.24614042043685913 38
1675410743644 0.23833990097045898 39
1675410746470 0.2445228546857834 40
1675410749445 0.2432527244091034 41
1675410752297 0.24495525658130646 42
1675410755236 0.23956061899662018 43
1675410758094 0.23677873611450195 44
1675410760938 0.23342105746269226 45
1675410763829 0.23427775502204895 46
1675410766688 0.24009586870670319 47
1675410769596 0.23078769445419312 48
1675410772486 0.23754410445690155 49
1675410775346 0.2301531285047531 50
1675410778221 0.23752833902835846 51
1675410781066 0.23624038696289062 52
1675410783908 0.23268094658851624 53
1675410786783 0.2357081174850464 54
1675410789658 0.24033842980861664 55
1675410792534 0.23061423003673553 56
1675410795361 0.23358313739299774 57
1675410798299 0.23727187514305115 58
1675410801151 0.2350718230009079 59
1675410804080 0.23835532367229462 60
1675410806909 0.22208446264266968 61
1675410809846 0.22780582308769226 62
1675410812706 0.22843585908412933 63
1675410815550 0.23525318503379822 64
1675410818503 0.22656595706939697 65
1675410821348 0.22921058535575867 66
1675410824206 0.2284393161535263 67
1675410827140 0.23087599873542786 68
1675410829972 0.22407864034175873 69
1675410832894 0.233402281999588 70
1675410835753 0.23322972655296326 71
1675410838636 0.24966229498386383 72
1675410841489 0.24568887054920197 73
1675410844426 0.23979929089546204 74
1675410847426 0.23376429080963135 75
1675410850270 0.2331322729587555 76
1675410853223 0.23028211295604706 77
1675410856160 0.2339635193347931 78
1675410859015 0.228957399725914 79
1675410861958 0.23341868817806244 80
1675410864801 0.2291584610939026 81
1675410867661 0.22408363223075867 82
1675410870505 0.2330453097820282 83
1675410873458 0.22378596663475037 84
1675410876286 0.22309190034866333 85
1675410879177 0.23025846481323242 86
1675410882036 0.22902631759643555 87
1675410884960 0.23402294516563416 88
1675410887834 0.22786922752857208 89
1675410890709 0.23272086679935455 90
1675410893599 0.22771818935871124 91
1675410896459 0.22645975649356842 92
1675410899334 0.22531560063362122 93
1675410902225 0.22846916317939758 94
1675410905069 0.2238893210887909 95
1675410907928 0.22761821746826172 96
1675410910904 0.22613531351089478 97
1675410914077 0.2268560230731964 98
1675410917009 0.22813521325588226 99
1675410919935 0.2260386049747467 100
1675410922874 0.2263536900281906 101
1675410925900 0.22730284929275513 102
1675410929097 0.225723534822464 103
1675410931943 0.22783063352108002 104
1675410934870 0.22432547807693481 105
1675410937746 0.22863896191120148 106
1675410940649 0.22347493469715118 107
1675410943559 0.22149117290973663 108
1675410946425 0.23358651995658875 109
1675410949239 0.23418867588043213 110
1675410952127 0.2323373258113861 111
1675410955300 0.22907564043998718 112
1675410958145 0.22226956486701965 113
1675410960972 0.22355768084526062 114
1675410963817 0.22948236763477325 115
1675410966753 0.222612664103508 116
1675410969615 0.22208014130592346 117
1675410972494 0.22770000994205475 118
1675410975327 0.22668299078941345 119
1675410978431 0.22113001346588135 120
1675410981401 0.2245824635028839 121
1675410984375 0.2236657738685608 122
1675410987416 0.22454234957695007 123
1675410990394 0.22414164245128632 124
1675410993433 0.22684919834136963 125
1675410996343 0.22297754883766174 126
1675410999294 0.22501374781131744 127
1675411002196 0.2208741456270218 128
1675411005247 0.22159196436405182 129
1675411008572 0.22528612613677979 130
1675411012008 0.21853478252887726 131
1675411015145 0.21985800564289093 132
1675411018220 0.22074298560619354 133
1675411021260 0.22242160141468048 134
1675411024164 0.21859681606292725 135
1675411027012 0.22135208547115326 136
1675411029869 0.23042990267276764 137
1675411032936 0.2227330356836319 138
1675411036209 0.22077009081840515 139
1675411039341 0.22420503199100494 140
1675411042472 0.2219344526529312 141
1675411045582 0.22163355350494385 142
1675411048668 0.22123564779758453 143
1675411051809 0.2236916869878769 144
1675411054993 0.22224369645118713 145
1675411058036 0.22015921771526337 146
1675411061145 0.21716362237930298 147
1675411064259 0.22284728288650513 148
1675411067371 0.22009402513504028 149
