1675412438897 0.2868715524673462 0
1675412442272 0.2645244896411896 1
1675412445647 0.24669423699378967 2
1675412449084 0.2310631424188614 3
1675412452538 0.21126431226730347 4
1675412456138 0.202811598777771 5
1675412459617 0.19462352991104126 6
1675412463069 0.18040849268436432 7
1675412466617 0.17645545303821564 8
1675412470230 0.16592513024806976 9
1675412473703 0.19067148864269257 10
1675412477184 0.1841559261083603 11
1675412480733 0.1587173193693161 12
1675412484385 0.1589231789112091 13
1675412487930 0.15157157182693481 14
1675412491502 0.15562674403190613 15
1675412495075 0.15077759325504303 16
1675412498677 0.14624066650867462 17
1675412502237 0.14438852667808533 18
1675412505790 0.1584310084581375 19
1675412509420 0.15589821338653564 20
1675412513311 0.14192044734954834 21
1675412517050 0.14627981185913086 22
1675412520801 0.14990785717964172 23
1675412524274 0.1399409919977188 24
1675412527758 0.13537777960300446 25
1675412531258 0.12849827110767365 26
1675412535051 0.1336216777563095 27
1675412538948 0.13656331598758698 28
1675412542520 0.1487196534872055 29
1675412546100 0.14026208221912384 30
1675412549661 0.13544227182865143 31
1675412553146 0.14546038210391998 32
1675412556646 0.1343454271554947 33
1675412560160 0.13877205550670624 34
1675412563568 0.13522405922412872 35
1675412567156 0.13616353273391724 36
1675412570604 0.12913945317268372 37
1675412574132 0.12246198952198029 38
1675412577598 0.12734666466712952 39
1675412581100 0.12993362545967102 40
1675412585170 0.12649251520633698 41
1675412588663 0.12723587453365326 42
1675412592109 0.12829703092575073 43
1675412595550 0.1256684809923172 44
1675412598971 0.12632836401462555 45
1675412602663 0.1261022537946701 46
1675412606115 0.12440329790115356 47
1675412609689 0.12705233693122864 48
1675412613123 0.12480432540178299 49
1675412616517 0.13170765340328217 50
1675412619873 0.12378574162721634 51
1675412623279 0.12729071080684662 52
1675412626901 0.12360642105340958 53
1675412630730 0.1216626763343811 54
1675412634293 0.1292780488729477 55
1675412637779 0.12710635364055634 56
1675412641294 0.12201317399740219 57
1675412645040 0.1251121312379837 58
1675412648717 0.1255798637866974 59
1675412652281 0.127497136592865 60
1675412655747 0.12425870448350906 61
1675412659311 0.1220143735408783 62
1675412662826 0.12058098614215851 63
1675412666298 0.12656234204769135 64
1675412669748 0.11800854653120041 65
1675412673234 0.12293416261672974 66
1675412676763 0.12033462524414062 67
1675412680217 0.12023348361253738 68
1675412683717 0.11912115663290024 69
1675412687161 0.12172400206327438 70
1675412690712 0.11965572088956833 71
1675412694281 0.12033616006374359 72
1675412697930 0.11789333075284958 73
1675412701812 0.11505948752164841 74
1675412705449 0.11660385876893997 75
1675412709152 0.12210247665643692 76
1675412712763 0.1243772953748703 77
1675412716820 0.12234587967395782 78
1675412720390 0.12142039835453033 79
1675412723898 0.11834915727376938 80
1675412727414 0.11684247851371765 81
1675412730991 0.11815573275089264 82
1675412734494 0.12581884860992432 83
1675412738197 0.12209668010473251 84
1675412741796 0.11658581346273422 85
1675412745607 0.11942103505134583 86
1675412749252 0.11601671576499939 87
1675412752994 0.11767303198575974 88
1675412757335 0.11529607325792313 89
1675412761220 0.11145590990781784 90
1675412764880 0.1129719540476799 91
1675412768675 0.11839636415243149 92
1675412772320 0.11573366820812225 93
1675412775991 0.1171475350856781 94
1675412779725 0.1117267832159996 95
1675412783384 0.11411574482917786 96
1675412786802 0.11793415993452072 97
1675412790283 0.12107951194047928 98
1675412793816 0.11333847045898438 99
1675412797483 0.11880610138177872 100
1675412801078 0.1143760159611702 101
1675412804614 0.11949729919433594 102
1675412808149 0.1188383549451828 103
1675412811765 0.11544241011142731 104
1675412815550 0.12072159349918365 105
1675412819103 0.11725644767284393 106
1675412822837 0.11406271904706955 107
1675412826705 0.11933485418558121 108
1675412830528 0.11729639768600464 109
1675412834418 0.12351901829242706 110
1675412838441 0.11708579957485199 111
1675412842054 0.11604256927967072 112
1675412845633 0.1181531697511673 113
1675412849166 0.11196024715900421 114
1675412852719 0.11342746764421463 115
1675412856525 0.11360366642475128 116
1675412860059 0.11519826203584671 117
1675412863692 0.11273571848869324 118
1675412867447 0.11622532457113266 119
1675412871075 0.11248721182346344 120
1675412874761 0.11591237038373947 121
1675412878513 0.11709830909967422 122
1675412882178 0.11816530674695969 123
1675412885578 0.12094054371118546 124
1675412888953 0.11239494383335114 125
1675412892344 0.11859983950853348 126
1675412895727 0.1127692386507988 127
1675412899157 0.11461501568555832 128
1675412903251 0.11422155052423477 129
1675412907017 0.11170659214258194 130
1675412910721 0.1106177493929863 131
1675412914654 0.11367637664079666 132
1675412918388 0.11187880486249924 133
1675412922111 0.11420049518346786 134
1675412925857 0.11038067191839218 135
1675412929360 0.11069290339946747 136
1675412933382 0.11178853362798691 137
1675412937278 0.11018683761358261 138
1675412940975 0.11092479526996613 139
1675412944739 0.1098223328590393 140
1675412948363 0.107164166867733 141
1675412952106 0.11414371430873871 142
1675412955906 0.11829303205013275 143
1675412959648 0.11142703890800476 144
1675412963226 0.11155644059181213 145
1675412966759 0.11800737679004669 146
1675412970179 0.11337566375732422 147
1675412973717 0.11005863547325134 148
1675412977305 0.11163173615932465 149
