1675416817550 0.2972879409790039 0
1675416821265 0.27283960580825806 1
1675416824864 0.2537732422351837 2
1675416828515 0.24410027265548706 3
1675416832133 0.22924429178237915 4
1675416835752 0.21606026589870453 5
1675416839283 0.2095322608947754 6
1675416842801 0.19323016703128815 7
1675416846368 0.19038036465644836 8
1675416849867 0.17865964770317078 9
1675416853380 0.16749395430088043 10
1675416856899 0.15887205302715302 11
1675416860414 0.16328762471675873 12
1675416863948 0.15567569434642792 13
1675416867878 0.1495906412601471 14
1675416871793 0.14303694665431976 15
1675416875876 0.14272601902484894 16
1675416879696 0.14309217035770416 17
1675416883666 0.14653798937797546 18
1675416887453 0.14131177961826324 19
1675416891101 0.14112000167369843 20
1675416894737 0.141396164894104 21
1675416898548 0.13079141080379486 22
1675416902329 0.13363048434257507 23
1675416906127 0.1348714679479599 24
1675416909891 0.12816859781742096 25
1675416913644 0.13625605404376984 26
1675416917359 0.13498114049434662 27
1675416921032 0.13305853307247162 28
1675416924813 0.13085851073265076 29
1675416928501 0.1249750554561615 30
1675416932054 0.1348200887441635 31
1675416935631 0.12563051283359528 32
1675416939221 0.12483090162277222 33
1675416942771 0.11625415831804276 34
1675416946322 0.12264034152030945 35
1675416950613 0.11984380334615707 36
1675416954255 0.12257404625415802 37
1675416958320 0.12342138588428497 38
1675416962276 0.12578797340393066 39
1675416966350 0.1261143982410431 40
1675416970424 0.12397002428770065 41
1675416974587 0.11966406553983688 42
1675416978547 0.1308836191892624 43
1675416982436 0.1207827478647232 44
1675416986309 0.11784753203392029 45
1675416989989 0.1177925318479538 46
1675416993641 0.11853093653917313 47
1675416997217 0.11470398306846619 48
1675417000842 0.11868823319673538 49
1675417004589 0.13193628191947937 50
1675417008716 0.12092725187540054 51
1675417012370 0.11389520019292831 52
1675417015978 0.1264074742794037 53
1675417019585 0.11219310015439987 54
1675417023209 0.12369389832019806 55
1675417026831 0.12308673560619354 56
1675417030408 0.11818249523639679 57
1675417034025 0.12039916962385178 58
1675417037620 0.11644227057695389 59
1675417041235 0.11817602068185806 60
1675417044809 0.119865782558918 61
1675417048422 0.11790766566991806 62
1675417052118 0.11611942201852798 63
1675417055860 0.11906761676073074 64
1675417059606 0.11707331240177155 65
1675417063344 0.12647445499897003 66
1675417066994 0.11414597183465958 67
1675417070585 0.11824879795312881 68
1675417074198 0.11395686864852905 69
1675417077778 0.11398499459028244 70
1675417081431 0.11871622502803802 71
1675417085421 0.11338759958744049 72
1675417089037 0.11559192091226578 73
1675417092658 0.11150336265563965 74
1675417096339 0.12084393203258514 75
1675417100001 0.11815238744020462 76
1675417103659 0.11558503657579422 77
1675417107211 0.11610393226146698 78
1675417110800 0.11317845433950424 79
1675417114425 0.11028487980365753 80
1675417118019 0.1190258264541626 81
1675417121679 0.11559409648180008 82
1675417125492 0.12196657061576843 83
1675417129072 0.1180383712053299 84
1675417132682 0.11614752560853958 85
1675417136265 0.11626482754945755 86
1675417139856 0.11246472597122192 87
1675417143418 0.11583409458398819 88
1675417146999 0.11381355673074722 89
1675417150540 0.12160418182611465 90
1675417154201 0.10940921306610107 91
1675417157761 0.1137978732585907 92
1675417161331 0.12242352217435837 93
1675417164930 0.12155228108167648 94
1675417168511 0.11653872579336166 95
1675417172081 0.1199786588549614 96
1675417175738 0.11054682731628418 97
1675417179422 0.11163012683391571 98
1675417183020 0.11035697162151337 99
1675417186607 0.11281993240118027 100
1675417190156 0.11189786344766617 101
1675417193738 0.11453744769096375 102
1675417197520 0.11709494143724442 103
1675417201414 0.12056533992290497 104
1675417205053 0.1211375966668129 105
1675417208698 0.11188630014657974 106
1675417212741 0.11733155697584152 107
1675417216400 0.1128508672118187 108
1675417219988 0.10947360098361969 109
1675417223826 0.11692951619625092 110
1675417227733 0.10941451787948608 111
1675417231858 0.11804354935884476 112
1675417235472 0.11801701039075851 113
1675417239084 0.11649533361196518 114
1675417242637 0.1135047972202301 115
1675417246453 0.11633098125457764 116
1675417250503 0.11368494480848312 117
1675417254087 0.11843671649694443 118
1675417257668 0.11456026881933212 119
1675417261316 0.11460795998573303 120
1675417265064 0.11611513793468475 121
1675417268854 0.1117621660232544 122
1675417272487 0.11170736700296402 123
1675417276120 0.10662654787302017 124
1675417279801 0.11170137673616409 125
1675417283498 0.10924943536520004 126
1675417287220 0.11118915677070618 127
1675417290966 0.11378879845142365 128
1675417294643 0.11433562636375427 129
1675417298306 0.1092144101858139 130
1675417302052 0.10814076662063599 131
1675417305743 0.11330465227365494 132
1675417309461 0.1102924644947052 133
1675417313227 0.11245100200176239 134
1675417316897 0.10534340143203735 135
1675417320695 0.11571228504180908 136
1675417324348 0.11029954254627228 137
1675417328336 0.10995569825172424 138
1675417332377 0.10760568827390671 139
1675417336105 0.111207515001297 140
1675417339986 0.10673893243074417 141
1675417343693 0.11497922986745834 142
1675417347371 0.11028900742530823 143
1675417351113 0.11126885563135147 144
1675417354807 0.11760026216506958 145
1675417358520 0.1090048998594284 146
1675417362292 0.11477550119161606 147
1675417365986 0.11146651208400726 148
1675417369792 0.11097501218318939 149
