1676026259911 0.30209577083587646 0
1676026262787 0.27198171615600586 1
1676026265565 0.2427620142698288 2
1676026268424 0.22279134392738342 3
1676026271213 0.214918315410614 4
1676026274040 0.21221226453781128 5
1676026276855 0.19924689829349518 6
1676026279641 0.19447392225265503 7
1676026282467 0.19246169924736023 8
1676026285242 0.1893293857574463 9
1676026288047 0.18494278192520142 10
1676026290790 0.18246838450431824 11
1676026293752 0.17687155306339264 12
1676026296619 0.16830842196941376 13
1676026299352 0.17839230597019196 14
1676026302233 0.17737039923667908 15
1676026305031 0.17125916481018066 16
1676026307903 0.17767149209976196 17
1676026310872 0.16674628853797913 18
1676026313864 0.1652451604604721 19
1676026316672 0.16663148999214172 20
1676026319401 0.1755029708147049 21
1676026322156 0.15885783731937408 22
1676026324937 0.16414253413677216 23
1676026327845 0.16046398878097534 24
1676026330669 0.16368944942951202 25
1676026333512 0.16762177646160126 26
1676026336365 0.15986542403697968 27
1676026339188 0.15586735308170319 28
1676026341973 0.155482679605484 29
1676026344747 0.16187334060668945 30
1676026347550 0.1537933349609375 31
1676026350334 0.15154317021369934 32
1676026353185 0.16083885729312897 33
1676026355912 0.1578056663274765 34
1676026358837 0.1576482504606247 35
1676026361701 0.15261636674404144 36
1676026364515 0.15603181719779968 37
1676026367360 0.15602263808250427 38
1676026370100 0.15374186635017395 39
1676026373118 0.15840411186218262 40
1676026375821 0.16327138245105743 41
1676026378520 0.1565922498703003 42
1676026381324 0.15133516490459442 43
1676026384215 0.15277887880802155 44
1676026386946 0.15156437456607819 45
1676026389606 0.1474645435810089 46
1676026392284 0.14770419895648956 47
1676026394948 0.15389923751354218 48
1676026397631 0.14923858642578125 49
1676026400308 0.15372227132320404 50
1676026403004 0.14802353084087372 51
1676026405634 0.14477106928825378 52
1676026408355 0.14889530837535858 53
1676026411040 0.15086589753627777 54
1676026413707 0.14929448068141937 55
1676026416328 0.1503065824508667 56
1676026419120 0.1499030888080597 57
1676026421782 0.1466360092163086 58
1676026424445 0.1470581293106079 59
1676026427403 0.1443355828523636 60
1676026430321 0.14698264002799988 61
1676026433299 0.15114283561706543 62
1676026435917 0.1448337435722351 63
1676026438668 0.1493849903345108 64
1676026441283 0.146589457988739 65
1676026444096 0.14848878979682922 66
1676026446796 0.14522583782672882 67
1676026449431 0.14439311623573303 68
1676026452322 0.14440159499645233 69
1676026455114 0.14643549919128418 70
1676026457789 0.14755073189735413 71
1676026460457 0.14673396944999695 72
1676026463197 0.14128068089485168 73
1676026466019 0.142288938164711 74
1676026468739 0.1424207091331482 75
1676026471362 0.14705435931682587 76
1676026474090 0.14714579284191132 77
1676026476772 0.15392108261585236 78
1676026479410 0.14344628155231476 79
1676026482111 0.1492786556482315 80
1676026484786 0.14663179218769073 81
1676026487457 0.14226898550987244 82
1676026490137 0.14822417497634888 83
1676026492790 0.15232601761817932 84
1676026495435 0.1446080058813095 85
1676026498159 0.1463470607995987 86
1676026500826 0.14430886507034302 87
1676026503528 0.14312875270843506 88
1676026506160 0.1415463536977768 89
1676026508911 0.1451936811208725 90
1676026511593 0.14332722127437592 91
1676026514264 0.1424892246723175 92
1676026516926 0.13976238667964935 93
1676026519581 0.14407089352607727 94
1676026522227 0.140969917178154 95
1676026524875 0.14181876182556152 96
1676026527545 0.1405661702156067 97
1676026530215 0.13829708099365234 98
1676026532918 0.14557652175426483 99
1676026535563 0.13918717205524445 100
1676026538269 0.14322704076766968 101
1676026540882 0.13906347751617432 102
1676026543684 0.13760057091712952 103
1676026546669 0.13995057344436646 104
1676026549316 0.1392829418182373 105
1676026552039 0.14143095910549164 106
1676026554680 0.13786223530769348 107
1676026557363 0.13805745542049408 108
1676026560064 0.13693109154701233 109
1676026562739 0.1372986137866974 110
1676026565389 0.13737061619758606 111
1676026568094 0.1378132402896881 112
1676026570736 0.14092104136943817 113
1676026573458 0.1396583467721939 114
1676026576067 0.13888339698314667 115
1676026579082 0.13824313879013062 116
1676026581998 0.14119888842105865 117
1676026584657 0.14074882864952087 118
1676026587318 0.14439359307289124 119
1676026589960 0.13760924339294434 120
1676026592685 0.13709421455860138 121
1676026595365 0.13881008327007294 122
1676026598060 0.14231321215629578 123
1676026600694 0.1407475471496582 124
1676026603398 0.14188188314437866 125
1676026606012 0.1388443261384964 126
1676026608786 0.13701002299785614 127
1676026611388 0.13527777791023254 128
1676026614059 0.14224079251289368 129
1676026616745 0.14091479778289795 130
1676026619409 0.13776233792304993 131
1676026622089 0.14107613265514374 132
1676026624731 0.14137843251228333 133
1676026627434 0.1382063329219818 134
1676026630096 0.13677038252353668 135
1676026632755 0.14016394317150116 136
1676026635397 0.13771666586399078 137
1676026638097 0.1374131143093109 138
1676026640741 0.13965626060962677 139
1676026643510 0.13714304566383362 140
1676026646428 0.13361026346683502 141
1676026649225 0.1398492306470871 142
1676026652013 0.1369977742433548 143
1676026654783 0.13859765231609344 144
1676026657631 0.13700369000434875 145
1676026660337 0.13872705399990082 146
1676026663247 0.1387047916650772 147
1676026665963 0.13812382519245148 148
1676026668765 0.13653482496738434 149
