1675414624396 0.2675890326499939 0
1675414627934 0.24566705524921417 1
1675414631460 0.22759421169757843 2
1675414635013 0.21847417950630188 3
1675414638507 0.19789865612983704 4
1675414641997 0.1921553760766983 5
1675414645492 0.17131716012954712 6
1675414649012 0.15905004739761353 7
1675414652508 0.1532725840806961 8
1675414656076 0.14951768517494202 9
1675414659679 0.14460591971874237 10
1675414663201 0.15764030814170837 11
1675414666718 0.14587078988552094 12
1675414670249 0.13217227160930634 13
1675414673770 0.12607623636722565 14
1675414677263 0.11921560019254684 15
1675414680770 0.12462294101715088 16
1675414684313 0.11224406212568283 17
1675414687855 0.10911992937326431 18
1675414691383 0.11355415731668472 19
1675414694920 0.11911384016275406 20
1675414698446 0.11598937958478928 21
1675414701983 0.11703545600175858 22
1675414705494 0.11221249401569366 23
1675414709014 0.11154183000326157 24
1675414712541 0.10948944091796875 25
1675414716079 0.1145787462592125 26
1675414719618 0.10500161349773407 27
1675414723234 0.10370588302612305 28
1675414726772 0.10686574876308441 29
1675414730446 0.09792722761631012 30
1675414734078 0.09774036705493927 31
1675414737687 0.10890714824199677 32
1675414741203 0.09738945960998535 33
1675414744720 0.09562240540981293 34
1675414748250 0.09757860004901886 35
1675414751773 0.10040498524904251 36
1675414755314 0.1000901535153389 37
1675414758836 0.0985112339258194 38
1675414762370 0.09465546160936356 39
1675414765908 0.09492893517017365 40
1675414769433 0.09453912079334259 41
1675414772986 0.09371268004179001 42
1675414776528 0.10089510679244995 43
1675414780064 0.09604217112064362 44
1675414783688 0.09856832027435303 45
1675414787205 0.09714259207248688 46
1675414790837 0.09487088769674301 47
1675414794402 0.09403230994939804 48
1675414797939 0.09429839253425598 49
1675414801483 0.09168623387813568 50
1675414805033 0.09393595159053802 51
1675414808561 0.09114855527877808 52
1675414812081 0.08968755602836609 53
1675414815759 0.09467746317386627 54
1675414819325 0.0898769348859787 55
1675414822838 0.09014183282852173 56
1675414826372 0.09104157984256744 57
1675414829924 0.0918511301279068 58
1675414833466 0.0901252031326294 59
1675414837018 0.08880305290222168 60
1675414840556 0.08906951546669006 61
1675414844113 0.09150496870279312 62
1675414847729 0.09450889378786087 63
1675414851254 0.08976293355226517 64
1675414854777 0.09054501354694366 65
1675414858312 0.08812782913446426 66
1675414861845 0.08640646934509277 67
1675414865436 0.08721765130758286 68
1675414868957 0.08978242427110672 69
1675414872609 0.0864138975739479 70
1675414876145 0.08890756219625473 71
1675414879691 0.08694180101156235 72
1675414883209 0.08780401945114136 73
1675414886694 0.08748739957809448 74
1675414890224 0.08608705550432205 75
1675414893742 0.0879458412528038 76
1675414897241 0.08911361545324326 77
1675414900746 0.08858053386211395 78
1675414904256 0.08946485072374344 79
1675414907779 0.08726222813129425 80
1675414911318 0.08783994615077972 81
1675414914810 0.0871117115020752 82
1675414918344 0.08540958166122437 83
1675414921863 0.08556254953145981 84
1675414925391 0.0880340039730072 85
1675414928913 0.08609737455844879 86
1675414932438 0.08530276268720627 87
1675414935976 0.08487963676452637 88
1675414939580 0.09018117189407349 89
1675414943117 0.08850632607936859 90
1675414946732 0.08766420185565948 91
1675414950257 0.08648093789815903 92
1675414953779 0.08901289850473404 93
1675414957346 0.085202656686306 94
1675414960882 0.08762941509485245 95
1675414964423 0.08469750732183456 96
1675414967930 0.08610643446445465 97
1675414971482 0.08624659478664398 98
1675414975041 0.08749119192361832 99
1675414978714 0.0853733941912651 100
1675414982315 0.0874134749174118 101
1675414986031 0.0858856737613678 102
1675414990485 0.08802343904972076 103
1675414995112 0.08703835308551788 104
1675415000855 0.08561686426401138 105
1675415006858 0.08825565129518509 106
1675415011904 0.08727388828992844 107
1675415016161 0.08619139343500137 108
1675415020959 0.08565552532672882 109
1675415024687 0.08555132150650024 110
1675415028567 0.08508488535881042 111
1675415032378 0.08466560393571854 112
1675415036314 0.08392402529716492 113
1675415040522 0.08510857820510864 114
1675415044808 0.08666839450597763 115
1675415048913 0.08717591315507889 116
1675415053046 0.08608107268810272 117
1675415056834 0.08492397516965866 118
1675415060651 0.08451419323682785 119
1675415064373 0.0845278948545456 120
1675415068325 0.0835772380232811 121
1675415072217 0.08497006446123123 122
1675415076247 0.08517375588417053 123
1675415080313 0.08516833931207657 124
1675415084366 0.08518882095813751 125
1675415088431 0.08518929034471512 126
1675415092542 0.08540108054876328 127
1675415096139 0.0848240926861763 128
1675415099726 0.08550304919481277 129
1675415103313 0.08622708171606064 130
1675415107022 0.08588914573192596 131
1675415110629 0.0852922722697258 132
1675415114231 0.08598125725984573 133
1675415118019 0.08469302952289581 134
1675415122007 0.0855524018406868 135
1675415126041 0.08524496853351593 136
1675415130236 0.08547478169202805 137
1675415134063 0.08449682593345642 138
1675415137758 0.08406179398298264 139
1675415141422 0.08500836044549942 140
1675415145379 0.08462850004434586 141
1675415149033 0.0847623199224472 142
1675415152533 0.08491839468479156 143
1675415156048 0.08450836688280106 144
1675415159564 0.08544307202100754 145
1675415163097 0.08458415418863297 146
1675415166597 0.08516746759414673 147
1675415170113 0.0852547213435173 148
1675415173644 0.08578886091709137 149
