1677065277294 0.28141024708747864 0
1677065281283 0.24883826076984406 1
1677065285179 0.2290838360786438 2
1677065289061 0.2125905603170395 3
1677065292793 0.2062360793352127 4
1677065296505 0.1925833523273468 5
1677065300185 0.19001950323581696 6
1677065303961 0.1842808723449707 7
1677065307797 0.17424790561199188 8
1677065311498 0.17248259484767914 9
1677065315250 0.16553924977779388 10
1677065318959 0.16058315336704254 11
1677065322639 0.15807555615901947 12
1677065326279 0.1668584644794464 13
1677065330027 0.1624578833580017 14
1677065333722 0.1530093401670456 15
1677065337548 0.14811661839485168 16
1677065341519 0.15217040479183197 17
1677065345513 0.1507955938577652 18
1677065349498 0.1491387039422989 19
1677065353245 0.14999665319919586 20
1677065357090 0.14725366234779358 21
1677065360885 0.14783042669296265 22
1677065364443 0.14718346297740936 23
1677065368092 0.14580057561397552 24
1677065371797 0.14337308704853058 25
1677065375616 0.14019259810447693 26
1677065380219 0.14220692217350006 27
1677065384880 0.14100320637226105 28
1677065390091 0.1453826129436493 29
1677065395415 0.14397287368774414 30
1677065400484 0.1394713819026947 31
1677065405357 0.14023880660533905 32
1677065410844 0.14252817630767822 33
1677065416630 0.14071400463581085 34
1677065421809 0.1363402009010315 35
1677065426576 0.13715212047100067 36
1677065430818 0.13649199903011322 37
1677065435124 0.135806143283844 38
1677065439277 0.13708950579166412 39
1677065443532 0.13772331178188324 40
1677065447574 0.1388757824897766 41
1677065451466 0.13518556952476501 42
1677065455446 0.13593359291553497 43
1677065459301 0.1407093107700348 44
1677065463114 0.13907021284103394 45
1677065466840 0.13411028683185577 46
1677065470440 0.13546222448349 47
1677065474146 0.13659602403640747 48
1677065478027 0.1346229910850525 49
1677065481640 0.134348064661026 50
1677065485709 0.13376879692077637 51
1677065490045 0.1319970190525055 52
1677065494094 0.13422302901744843 53
1677065497825 0.13429568707942963 54
1677065501505 0.13266439735889435 55
1677065505327 0.13407284021377563 56
1677065509100 0.1331200748682022 57
1677065512709 0.13384820520877838 58
1677065516276 0.12962661683559418 59
1677065519919 0.12944334745407104 60
1677065523589 0.13161595165729523 61
1677065527219 0.12981398403644562 62
1677065530836 0.12992767989635468 63
1677065534479 0.12973539531230927 64
1677065538254 0.12996986508369446 65
1677065541888 0.1297716498374939 66
1677065545475 0.13141824305057526 67
1677065549081 0.12893594801425934 68
1677065552647 0.12918539345264435 69
1677065556254 0.13045187294483185 70
1677065559824 0.12840482592582703 71
1677065563416 0.12919363379478455 72
1677065567010 0.13563233613967896 73
1677065570558 0.1277090609073639 74
1677065574169 0.12885117530822754 75
1677065577701 0.1305617392063141 76
1677065581244 0.1282833218574524 77
1677065584826 0.12895382940769196 78
1677065588426 0.12712445855140686 79
1677065592001 0.1272968202829361 80
1677065595629 0.12653402984142303 81
1677065599187 0.12655742466449738 82
1677065602798 0.12908664345741272 83
1677065606338 0.12853915989398956 84
1677065609907 0.1262664496898651 85
1677065613508 0.12786641716957092 86
1677065617088 0.12756755948066711 87
1677065620619 0.1291155070066452 88
1677065624198 0.12669479846954346 89
1677065627756 0.12827755510807037 90
1677065631280 0.12376593053340912 91
1677065634856 0.12860029935836792 92
1677065638438 0.1261373609304428 93
1677065642008 0.12463938444852829 94
1677065645517 0.127376526594162 95
1677065649090 0.12490115314722061 96
1677065652712 0.12564978003501892 97
1677065656311 0.124827541410923 98
1677065659943 0.12526535987854004 99
1677065663544 0.12421496957540512 100
1677065667146 0.12517209351062775 101
1677065670729 0.12388083338737488 102
1677065674320 0.12628063559532166 103
1677065677950 0.12564611434936523 104
1677065681553 0.1292562186717987 105
1677065685221 0.12483211606740952 106
1677065688827 0.12472845613956451 107
1677065692392 0.1268492192029953 108
1677065695913 0.12419475615024567 109
1677065699523 0.12300936132669449 110
1677065703111 0.12483251839876175 111
1677065706648 0.12425721436738968 112
1677065710242 0.12110403180122375 113
1677065713808 0.12626659870147705 114
1677065717386 0.12532567977905273 115
1677065720927 0.1265481859445572 116
1677065724524 0.12561924755573273 117
1677065728094 0.1238093301653862 118
1677065731672 0.12267373502254486 119
1677065735267 0.12415663152933121 120
1677065738888 0.12218774855136871 121
1677065742478 0.1241370216012001 122
1677065746015 0.1271534264087677 123
1677065749584 0.12345332652330399 124
1677065753136 0.12290169298648834 125
1677065757113 0.12207116931676865 126
1677065760786 0.12461913377046585 127
1677065764396 0.12370064109563828 128
1677065767997 0.12535938620567322 129
1677065771838 0.12569761276245117 130
1677065775464 0.12281110882759094 131
1677065779048 0.12159976363182068 132
1677065782619 0.12587159872055054 133
1677065786163 0.12392263859510422 134
1677065789737 0.12461347132921219 135
1677065793330 0.12830829620361328 136
1677065796881 0.12564772367477417 137
1677065800424 0.12442967295646667 138
1677065803975 0.12422149628400803 139
1677065807529 0.12327875196933746 140
1677065811085 0.12230872362852097 141
1677065814653 0.12481418251991272 142
1677065818200 0.12114956974983215 143
1677065821748 0.12182770669460297 144
1677065825289 0.12542329728603363 145
1677065828858 0.12393318861722946 146
1677065832378 0.11914175748825073 147
1677065835911 0.12280626595020294 148
1677065839565 0.12313675135374069 149
