1675411959424 0.2947584390640259 0
1675411962533 0.2755381166934967 1
1675411965424 0.25967130064964294 2
1675411968293 0.24336174130439758 3
1675411971215 0.22051413357257843 4
1675411974028 0.21062637865543365 5
1675411976861 0.20082493126392365 6
1675411979736 0.19279997050762177 7
1675411982682 0.1767018586397171 8
1675411985620 0.15872088074684143 9
1675411988493 0.17228925228118896 10
1675411991353 0.1689314842224121 11
1675411994254 0.15823961794376373 12
1675411997118 0.14507615566253662 13
1675411999977 0.13661602139472961 14
1675412002821 0.14322447776794434 15
1675412005696 0.1472153514623642 16
1675412008527 0.14353926479816437 17
1675412011386 0.139093816280365 18
1675412014309 0.14613117277622223 19
1675412017215 0.13667148351669312 20
1675412020057 0.12883393466472626 21
1675412022901 0.13152703642845154 22
1675412025873 0.14637091755867004 23
1675412028681 0.13522584736347198 24
1675412031462 0.13063880801200867 25
1675412034291 0.12904886901378632 26
1675412037275 0.1305733472108841 27
1675412040095 0.13461755216121674 28
1675412043026 0.13411496579647064 29
1675412045838 0.12959183752536774 30
1675412048666 0.12780627608299255 31
1675412051556 0.12303662300109863 32
1675412054478 0.12247099727392197 33
1675412057362 0.13195213675498962 34
1675412060172 0.12492218613624573 35
1675412063131 0.12582260370254517 36
1675412065928 0.12806566059589386 37
1675412068721 0.12260701507329941 38
1675412071519 0.13150782883167267 39
1675412074321 0.12341412156820297 40
1675412077118 0.12042532116174698 41
1675412079928 0.12715832889080048 42
1675412082788 0.12397652119398117 43
1675412085600 0.11956777423620224 44
1675412088385 0.12263568490743637 45
1675412091161 0.12327779084444046 46
1675412093927 0.12657728791236877 47
1675412096708 0.12282688915729523 48
1675412099484 0.12286587804555893 49
1675412102297 0.12022621929645538 50
1675412105207 0.12308620661497116 51
1675412108019 0.12182465195655823 52
1675412110830 0.12280265986919403 53
1675412113698 0.12670576572418213 54
1675412116526 0.12281913310289383 55
1675412119432 0.12006866186857224 56
1675412122298 0.11592579632997513 57
1675412125126 0.11828257888555527 58
1675412128079 0.12791487574577332 59
1675412131016 0.12211765348911285 60
1675412133871 0.1251845359802246 61
1675412136714 0.12082275003194809 62
1675412139589 0.11903075128793716 63
1675412142480 0.12140525877475739 64
1675412145299 0.11807449907064438 65
1675412148254 0.11678481847047806 66
1675412151106 0.12470679730176926 67
1675412153952 0.11893565207719803 68
1675412156827 0.11551620066165924 69
1675412159687 0.11873169988393784 70
1675412162671 0.11886322498321533 71
1675412165512 0.13031312823295593 72
1675412168387 0.13051268458366394 73
1675412171230 0.13561305403709412 74
1675412174152 0.12383062392473221 75
1675412177078 0.11791882663965225 76
1675412179922 0.12143608927726746 77
1675412182891 0.11474388837814331 78
1675412185721 0.11886671930551529 79
1675412188674 0.11662688851356506 80
1675412191524 0.12174201011657715 81
1675412194456 0.11758818477392197 82
1675412197268 0.11940456181764603 83
1675412200097 0.12337226420640945 84
1675412203003 0.12493710219860077 85
1675412205930 0.12348311394453049 86
1675412208867 0.11748269200325012 87
1675412211713 0.12217060476541519 88
1675412214696 0.11484408378601074 89
1675412217540 0.11265118420124054 90
1675412220415 0.11665291339159012 91
1675412223290 0.11494192481040955 92
1675412226342 0.1157824918627739 93
1675412229170 0.1118704155087471 94
1675412232050 0.11057151108980179 95
1675412234959 0.1107574924826622 96
1675412237773 0.11436585336923599 97
1675412240596 0.11207792907953262 98
1675412243559 0.1138896718621254 99
1675412246407 0.11555301398038864 100
1675412249203 0.11223509162664413 101
1675412252067 0.11476355791091919 102
1675412254939 0.11042395979166031 103
1675412257776 0.11243685334920883 104
1675412260729 0.11099760234355927 105
1675412263698 0.10807379335165024 106
1675412266538 0.11507510393857956 107
1675412269476 0.10952528566122055 108
1675412272355 0.11142121255397797 109
1675412275203 0.1126362532377243 110
1675412278085 0.10920918732881546 111
1675412280929 0.11132263392210007 112
1675412283836 0.11165320873260498 113
1675412286727 0.11673631519079208 114
1675412289620 0.10870876908302307 115
1675412292454 0.11182381957769394 116
1675412295313 0.113062784075737 117
1675412298225 0.11328385025262833 118
1675412301147 0.10795843601226807 119
1675412304022 0.11269525438547134 120
1675412306921 0.11166640371084213 121
1675412309835 0.10934814065694809 122
1675412312725 0.10874517261981964 123
1675412315571 0.10921052098274231 124
1675412318399 0.1170864850282669 125
1675412321336 0.11052120476961136 126
1675412324177 0.11109662801027298 127
1675412327023 0.11713697761297226 128
1675412329836 0.11637363582849503 129
1675412332787 0.11231282353401184 130
1675412335701 0.11389754712581635 131
1675412338562 0.10877247899770737 132
1675412341406 0.10928263515233994 133
1675412344265 0.107463538646698 134
1675412347093 0.11101994663476944 135
1675412350018 0.10625778883695602 136
1675412353215 0.10777026414871216 137
1675412356464 0.1084664985537529 138
1675412359548 0.10787177085876465 139
1675412362589 0.1114102154970169 140
1675412365535 0.10746508091688156 141
1675412368389 0.10979976505041122 142
1675412371285 0.11067573726177216 143
1675412374161 0.10987548530101776 144
1675412377035 0.10673268139362335 145
1675412379894 0.10874848067760468 146
1675412382880 0.1117653027176857 147
1675412385801 0.11017318069934845 148
1675412388660 0.11173168569803238 149
