1675417940968 0.3992355763912201 0
1675417945232 0.3823471963405609 1
1675417949591 0.37276163697242737 2
1675417953872 0.361087828874588 3
1675417958507 0.34812650084495544 4
1675417963159 0.3406350910663605 5
1675417967358 0.3242819905281067 6
1675417971802 0.30674052238464355 7
1675417976069 0.2961950898170471 8
1675417980327 0.28632551431655884 9
1675417984558 0.27055519819259644 10
1675417988810 0.2604708969593048 11
1675417993094 0.2669055461883545 12
1675417997278 0.24387700855731964 13
1675418001578 0.23658354580402374 14
1675418005761 0.22590084373950958 15
1675418009957 0.21362309157848358 16
1675418014075 0.20371472835540771 17
1675418018257 0.20252181589603424 18
1675418022431 0.19752052426338196 19
1675418026729 0.19007544219493866 20
1675418030929 0.1896640658378601 21
1675418035144 0.18591468036174774 22
1675418039313 0.1824396550655365 23
1675418043626 0.18562011420726776 24
1675418047861 0.18209430575370789 25
1675418052025 0.1735803633928299 26
1675418056180 0.17750412225723267 27
1675418060411 0.17387859523296356 28
1675418064596 0.17149138450622559 29
1675418068780 0.16956265270709991 30
1675418072980 0.1675829291343689 31
1675418077161 0.17091059684753418 32
1675418081380 0.16889174282550812 33
1675418085496 0.1717415452003479 34
1675418089680 0.16807475686073303 35
1675418093860 0.16779346764087677 36
1675418098045 0.16707220673561096 37
1675418102334 0.16959251463413239 38
1675418106565 0.16717763245105743 39
1675418110896 0.1669764220714569 40
1675418115130 0.16325555741786957 41
1675418119771 0.16410498321056366 42
1675418124353 0.16305288672447205 43
1675418129026 0.1616235077381134 44
1675418133398 0.1633409857749939 45
1675418137566 0.163488507270813 46
1675418141805 0.1635892391204834 47
1675418146012 0.16263608634471893 48
1675418150149 0.159631609916687 49
1675418154949 0.16233059763908386 50
1675418159100 0.158905029296875 51
1675418163334 0.16268357634544373 52
1675418167566 0.1617681235074997 53
1675418171801 0.1574888825416565 54
1675418175933 0.15842366218566895 55
1675418180164 0.16051839292049408 56
1675418184367 0.155893474817276 57
1675418188574 0.15927816927433014 58
1675418193335 0.1592002809047699 59
1675418197562 0.15881401300430298 60
1675418201799 0.15710584819316864 61
1675418206064 0.1573547124862671 62
1675418210286 0.15737751126289368 63
1675418214468 0.15608413517475128 64
1675418218667 0.1612040102481842 65
1675418222919 0.1561899334192276 66
1675418227138 0.15920840203762054 67
1675418231367 0.15665163099765778 68
1675418235533 0.15211662650108337 69
1675418239878 0.155098095536232 70
1675418244313 0.1555265486240387 71
1675418248552 0.15455670654773712 72
1675418252785 0.15810534358024597 73
1675418257131 0.1565675288438797 74
1675418261521 0.1525474339723587 75
1675418265754 0.15340784192085266 76
1675418270320 0.14981864392757416 77
1675418274719 0.1520230770111084 78
1675418278901 0.1514342874288559 79
1675418283070 0.15122605860233307 80
1675418287387 0.15024365484714508 81
1675418291550 0.15234152972698212 82
1675418295744 0.14782556891441345 83
1675418299844 0.1539919674396515 84
1675418304054 0.1523675173521042 85
1675418308307 0.15809966623783112 86
1675418312518 0.1495441347360611 87
1675418316671 0.15169891715049744 88
1675418320819 0.14789290726184845 89
1675418325021 0.14902962744235992 90
1675418329205 0.15010958909988403 91
1675418333390 0.14876893162727356 92
1675418337657 0.15335100889205933 93
1675418341855 0.14922063052654266 94
1675418346022 0.1487235128879547 95
1675418350151 0.15034130215644836 96
1675418354308 0.14762532711029053 97
1675418358489 0.15337346494197845 98
1675418362671 0.14650975167751312 99
1675418366805 0.1507059782743454 100
1675418371037 0.14602366089820862 101
1675418375239 0.14606596529483795 102
1675418379424 0.1512717604637146 103
1675418383592 0.1481088101863861 104
1675418387795 0.14810557663440704 105
1675418392407 0.153835728764534 106
1675418396756 0.14740385115146637 107
1675418400967 0.1480216383934021 108
1675418405157 0.15217335522174835 109
1675418409426 0.1466669887304306 110
1675418413673 0.14603298902511597 111
1675418417901 0.1459684520959854 112
1675418422210 0.14739157259464264 113
1675418426431 0.14534533023834229 114
1675418430644 0.14959733188152313 115
1675418435025 0.14502091705799103 116
1675418439256 0.14409665763378143 117
1675418443468 0.1496027261018753 118
1675418447623 0.15017978847026825 119
1675418451912 0.1496558040380478 120
1675418456176 0.14475548267364502 121
1675418460408 0.1460161656141281 122
1675418465115 0.14379164576530457 123
1675418469735 0.14873652160167694 124
1675418474528 0.14511245489120483 125
1675418479029 0.1452685445547104 126
1675418483279 0.14665918052196503 127
1675418487619 0.1484367996454239 128
1675418491860 0.14843013882637024 129
1675418496142 0.14438536763191223 130
1675418500362 0.14666925370693207 131
1675418504574 0.1439153403043747 132
1675418508744 0.14898885786533356 133
1675418513009 0.14285960793495178 134
1675418517180 0.14427046477794647 135
1675418521412 0.1482776701450348 136
1675418525680 0.14731256663799286 137
1675418529814 0.1457047313451767 138
1675418533996 0.14330627024173737 139
1675418538268 0.14915530383586884 140
1675418542648 0.1467447578907013 141
1675418546893 0.14644351601600647 142
1675418551089 0.1468191295862198 143
1675418555345 0.1465035378932953 144
1675418559709 0.14566127955913544 145
1675418564361 0.14405827224254608 146
1675418568662 0.1471925675868988 147
1675418572880 0.14674364030361176 148
1675418577176 0.14623397588729858 149
