1676026730868 0.49369946122169495 0
1676026734426 0.4820181727409363 1
1676026737960 0.47062280774116516 2
1676026741494 0.4554198682308197 3
1676026745012 0.4359288513660431 4
1676026748503 0.4184771776199341 5
1676026752005 0.40443435311317444 6
1676026755752 0.374047189950943 7
1676026759444 0.3649921715259552 8
1676026763114 0.33497369289398193 9
1676026766822 0.41337838768959045 10
1676026770460 0.3559800088405609 11
1676026774215 0.30420777201652527 12
1676026777854 0.289670467376709 13
1676026781490 0.28623849153518677 14
1676026785113 0.2705143690109253 15
1676026788840 0.2724253237247467 16
1676026792550 0.26378193497657776 17
1676026796164 0.2485886812210083 18
1676026799795 0.24184685945510864 19
1676026803497 0.24040909111499786 20
1676026807143 0.24301980435848236 21
1676026810737 0.23730826377868652 22
1676026814379 0.24187974631786346 23
1676026818065 0.2363346368074417 24
1676026821778 0.23240436613559723 25
1676026825405 0.2386837750673294 26
1676026829044 0.2329423725605011 27
1676026832769 0.23401516675949097 28
1676026836378 0.22977671027183533 29
1676026840021 0.2326403707265854 30
1676026843761 0.2360183149576187 31
1676026847384 0.22603082656860352 32
1676026851102 0.23281733691692352 33
1676026854782 0.22859400510787964 34
1676026858516 0.23031066358089447 35
1676026862155 0.22967392206192017 36
1676026865877 0.22816316783428192 37
1676026869536 0.22798950970172882 38
1676026873272 0.22617438435554504 39
1676026876932 0.2270568311214447 40
1676026880604 0.2202274650335312 41
1676026884242 0.23128372430801392 42
1676026888001 0.2236214131116867 43
1676026891617 0.22153915464878082 44
1676026895289 0.216978520154953 45
1676026898919 0.22303083539009094 46
1676026902581 0.22495289146900177 47
1676026906185 0.22173050045967102 48
1676026909820 0.22643916308879852 49
1676026913528 0.22291655838489532 50
1676026917166 0.22294895350933075 51
1676026920911 0.2195253223180771 52
1676026924566 0.2193855196237564 53
1676026928299 0.22671771049499512 54
1676026931923 0.22565589845180511 55
1676026935634 0.2241271585226059 56
1676026939364 0.21725019812583923 57
1676026943016 0.21486711502075195 58
1676026946704 0.22072464227676392 59
1676026950362 0.22279325127601624 60
1676026954009 0.2173682600259781 61
1676026957655 0.2209513783454895 62
1676026961450 0.21645177900791168 63
1676026965086 0.22137975692749023 64
1676026968827 0.21681243181228638 65
1676026972464 0.21734298765659332 66
1676026976084 0.21716845035552979 67
1676026979720 0.2223757952451706 68
1676026983461 0.21304146945476532 69
1676026987117 0.22063270211219788 70
1676026990783 0.22305676341056824 71
1676026994426 0.2204897403717041 72
1676026998156 0.2158745676279068 73
1676027001777 0.21338467299938202 74
1676027005387 0.21591544151306152 75
1676027009127 0.21929815411567688 76
1676027012802 0.21835167706012726 77
1676027016445 0.21424202620983124 78
1676027020076 0.21415969729423523 79
1676027023708 0.22044768929481506 80
1676027027436 0.2209681123495102 81
1676027031077 0.21711254119873047 82
1676027034713 0.2129657119512558 83
1676027038458 0.21312180161476135 84
1676027042238 0.2191440463066101 85
1676027045923 0.22177724540233612 86
1676027049617 0.2153228521347046 87
1676027053269 0.21835826337337494 88
1676027056936 0.2148614525794983 89
1676027060656 0.21325640380382538 90
1676027064311 0.210882306098938 91
1676027068149 0.21157844364643097 92
1676027071804 0.2150208055973053 93
1676027075516 0.2122638076543808 94
1676027079199 0.21531923115253448 95
1676027082878 0.2132687270641327 96
1676027086523 0.2109161764383316 97
1676027090196 0.21409788727760315 98
1676027093855 0.2186674028635025 99
1676027097518 0.21605637669563293 100
1676027101179 0.2171638011932373 101
1676027104824 0.21135029196739197 102
1676027108548 0.21355633437633514 103
1676027112181 0.21957331895828247 104
1676027115790 0.21498452126979828 105
1676027119438 0.21590004861354828 106
1676027123181 0.2122814804315567 107
1676027126822 0.21587786078453064 108
1676027130541 0.20931750535964966 109
1676027134305 0.2117089182138443 110
1676027137966 0.21509814262390137 111
1676027141617 0.21639277040958405 112
1676027145289 0.21725820004940033 113
1676027149046 0.2163391411304474 114
1676027152704 0.21299847960472107 115
1676027156390 0.21473002433776855 116
1676027160087 0.21389570832252502 117
1676027163833 0.2138822227716446 118
1676027167489 0.2108861804008484 119
1676027171153 0.21435461938381195 120
1676027174831 0.21724537014961243 121
1676027178510 0.2171059399843216 122
1676027182189 0.2173459380865097 123
1676027185902 0.21330510079860687 124
1676027189645 0.2148313969373703 125
1676027193314 0.21865986287593842 126
1676027196976 0.21282075345516205 127
1676027200654 0.2121986448764801 128
1676027204404 0.21278873085975647 129
1676027208063 0.20971211791038513 130
1676027211810 0.21423235535621643 131
1676027215443 0.21129705011844635 132
1676027219238 0.2178417444229126 133
1676027222906 0.21258309483528137 134
1676027226572 0.21602965891361237 135
1676027230259 0.2152673304080963 136
1676027234024 0.21091815829277039 137
1676027237670 0.2137819081544876 138
1676027241416 0.2095659226179123 139
1676027245091 0.2121741622686386 140
1676027248746 0.2157251387834549 141
1676027252409 0.21575158834457397 142
1676027256148 0.21713735163211823 143
1676027259819 0.2107798159122467 144
1676027263507 0.21910981833934784 145
1676027267159 0.2122998684644699 146
1676027270875 0.2133457511663437 147
1676027274548 0.21584708988666534 148
1676027278234 0.21264128386974335 149
