1676890162698 0.2818927466869354 0
1676890166338 0.2548590302467346 1
1676890170114 0.22864608466625214 2
1676890173654 0.2129448801279068 3
1676890177445 0.2008512318134308 4
1676890181127 0.18337088823318481 5
1676890184936 0.1753177046775818 6
1676890188600 0.1645839661359787 7
1676890192315 0.16068394482135773 8
1676890195933 0.16145826876163483 9
1676890199661 0.15309952199459076 10
1676890203318 0.14304982125759125 11
1676890206914 0.13687348365783691 12
1676890210599 0.14196991920471191 13
1676890214362 0.14229409396648407 14
1676890218450 0.1355610191822052 15
1676890222300 0.1338329315185547 16
1676890226151 0.13884800672531128 17
1676890229968 0.1256028413772583 18
1676890233772 0.12291987240314484 19
1676890237502 0.13593871891498566 20
1676890241032 0.12420100718736649 21
1676890244605 0.12194450199604034 22
1676890248159 0.12182064354419708 23
1676890252056 0.12357360869646072 24
1676890256012 0.12527161836624146 25
1676890259954 0.11977000534534454 26
1676890263551 0.1158718466758728 27
1676890267147 0.11393577605485916 28
1676890271066 0.11696690320968628 29
1676890274639 0.11542307585477829 30
1676890278245 0.1214090958237648 31
1676890281766 0.11775006353855133 32
1676890285307 0.11170260608196259 33
1676890288937 0.11462176591157913 34
1676890292525 0.1150834858417511 35
1676890296132 0.11152343451976776 36
1676890299749 0.11574863642454147 37
1676890303371 0.11274479329586029 38
1676890307288 0.10760561376810074 39
1676890311471 0.11490219086408615 40
1676890315305 0.11400055140256882 41
1676890319176 0.11615900695323944 42
1676890322740 0.11154813319444656 43
1676890326318 0.11255311965942383 44
1676890329930 0.10915921628475189 45
1676890333654 0.11076764017343521 46
1676890337287 0.1166582927107811 47
1676890341437 0.10840918123722076 48
1676890345390 0.11039901524782181 49
1676890348932 0.11723391711711884 50
1676890352771 0.11039134114980698 51
1676890356436 0.10854259878396988 52
1676890359944 0.11709866672754288 53
1676890363476 0.10977606475353241 54
1676890366977 0.11087345331907272 55
1676890370710 0.10946597903966904 56
1676890374255 0.11370112746953964 57
1676890377804 0.11045587807893753 58
1676890381351 0.1183396726846695 59
1676890384914 0.10844745486974716 60
1676890388526 0.11315032839775085 61
1676890392060 0.11677805334329605 62
1676890395720 0.10925314575433731 63
1676890399861 0.11448189616203308 64
1676890403683 0.11017786711454391 65
1676890407532 0.10819166153669357 66
1676890411374 0.10864723473787308 67
1676890415334 0.1096489354968071 68
1676890419160 0.1035306453704834 69
1676890423052 0.10947120934724808 70
1676890426875 0.10689642280340195 71
1676890430423 0.10233841836452484 72
1676890434489 0.10598674416542053 73
1676890438190 0.1098102554678917 74
1676890441736 0.10849593579769135 75
1676890445469 0.10699333250522614 76
1676890449620 0.1105666384100914 77
1676890453519 0.10902547091245651 78
1676890457584 0.10411155223846436 79
1676890461652 0.11211313307285309 80
1676890465561 0.11121916025876999 81
1676890469613 0.10793951153755188 82
1676890473556 0.11092744767665863 83
1676890477395 0.1049896702170372 84
1676890481246 0.11049216985702515 85
1676890485366 0.1101277694106102 86
1676890489217 0.10807684808969498 87
1676890493017 0.1049257293343544 88
1676890496877 0.10599547624588013 89
1676890500800 0.10503701120615005 90
1676890504693 0.10741160809993744 91
1676890508930 0.10777510702610016 92
1676890512836 0.10410889983177185 93
1676890516775 0.10911650210618973 94
1676890520647 0.1081385612487793 95
1676890524738 0.11201542615890503 96
1676890529105 0.10639394074678421 97
1676890533150 0.10948105156421661 98
1676890537369 0.1062747910618782 99
1676890541340 0.10555067658424377 100
1676890545149 0.10779223591089249 101
1676890548971 0.10763821750879288 102
1676890553246 0.10153046995401382 103
1676890557152 0.10350839048624039 104
1676890561192 0.10316435247659683 105
1676890565534 0.10820513218641281 106
1676890569585 0.10641945153474808 107
1676890573551 0.10346433520317078 108
1676890577806 0.10990769416093826 109
1676890581757 0.10900284349918365 110
1676890585700 0.10755619406700134 111
1676890590027 0.10526283085346222 112
1676890593957 0.10913737118244171 113
1676890597897 0.10533531755208969 114
1676890601875 0.10460273176431656 115
1676890606141 0.10586923360824585 116
1676890610106 0.10917100310325623 117
1676890614055 0.10617207735776901 118
1676890617987 0.10798221081495285 119
1676890621867 0.1047585979104042 120
1676890626159 0.10168883949518204 121
1676890630115 0.10176049917936325 122
1676890634161 0.1072106882929802 123
1676890638133 0.1032257229089737 124
1676890642387 0.10330372303724289 125
1676890646334 0.10121951252222061 126
1676890650237 0.1067308783531189 127
1676890654239 0.10200176388025284 128
1676890658210 0.1029733344912529 129
1676890662523 0.10077927261590958 130
1676890666489 0.10556647926568985 131
1676890670430 0.10646108537912369 132
1676890674244 0.100160151720047 133
1676890678080 0.10330569744110107 134
1676890681941 0.10001304000616074 135
1676890685786 0.10389457643032074 136
1676890689607 0.10862910002470016 137
1676890693547 0.10333232581615448 138
1676890698447 0.10082481056451797 139
1676890702233 0.10441321134567261 140
1676890706040 0.10819695889949799 141
1676890709819 0.11107451468706131 142
1676890713569 0.10867223143577576 143
1676890717340 0.10553811490535736 144
1676890721142 0.10524541884660721 145
1676890724962 0.1046585813164711 146
1676890728774 0.10576256364583969 147
1676890732586 0.10393991321325302 148
1676890736442 0.10039069503545761 149
