1677074195137 0.28279897570610046 0
1677074199090 0.2517489194869995 1
1677074202904 0.22910292446613312 2
1677074206681 0.2116609662771225 3
1677074210393 0.19865208864212036 4
1677074214124 0.19390566647052765 5
1677074217831 0.18547651171684265 6
1677074221565 0.18311180174350739 7
1677074225390 0.18109413981437683 8
1677074229162 0.17273277044296265 9
1677074232852 0.18223793804645538 10
1677074236595 0.18565790355205536 11
1677074240364 0.1714554876089096 12
1677074244062 0.17174239456653595 13
1677074247808 0.17401225864887238 14
1677074251493 0.17260558903217316 15
1677074255160 0.16362471878528595 16
1677074258766 0.16407594084739685 17
1677074262437 0.16225765645503998 18
1677074265991 0.16889598965644836 19
1677074269657 0.16082113981246948 20
1677074273280 0.15719029307365417 21
1677074276804 0.16095957159996033 22
1677074280362 0.16123701632022858 23
1677074283943 0.15542097389698029 24
1677074287489 0.15691667795181274 25
1677074291006 0.1525854766368866 26
1677074294550 0.15804529190063477 27
1677074298085 0.1591295450925827 28
1677074301562 0.15064775943756104 29
1677074305128 0.15355682373046875 30
1677074308680 0.15201066434383392 31
1677074312206 0.15396973490715027 32
1677074315737 0.15280716121196747 33
1677074319313 0.1489759236574173 34
1677074322861 0.1477252095937729 35
1677074326399 0.14573732018470764 36
1677074329996 0.14331552386283875 37
1677074333602 0.14607909321784973 38
1677074337169 0.14768023788928986 39
1677074340681 0.14366628229618073 40
1677074344250 0.14605951309204102 41
1677074347788 0.14357596635818481 42
1677074351305 0.14667350053787231 43
1677074354894 0.14430150389671326 44
1677074358449 0.14470873773097992 45
1677074361987 0.14872823655605316 46
1677074365507 0.14739085733890533 47
1677074369074 0.1451588273048401 48
1677074372593 0.14478395879268646 49
1677074376085 0.14378118515014648 50
1677074379633 0.13977697491645813 51
1677074383160 0.14151766896247864 52
1677074386618 0.14600855112075806 53
1677074390106 0.14164148271083832 54
1677074393615 0.14042523503303528 55
1677074397115 0.14305734634399414 56
1677074400597 0.1402885615825653 57
1677074404095 0.1391390711069107 58
1677074407601 0.14235715568065643 59
1677074411072 0.139210045337677 60
1677074414595 0.14010906219482422 61
1677074418124 0.1391889452934265 62
1677074421608 0.14026591181755066 63
1677074425125 0.1386982798576355 64
1677074428879 0.13648365437984467 65
1677074432449 0.14005936682224274 66
1677074436101 0.14006935060024261 67
1677074439685 0.14428462088108063 68
1677074443207 0.13804219663143158 69
1677074446672 0.14083489775657654 70
1677074450196 0.14091430604457855 71
1677074453723 0.13671113550662994 72
1677074457243 0.13630497455596924 73
1677074460745 0.13632246851921082 74
1677074464277 0.13609440624713898 75
1677074467794 0.13870272040367126 76
1677074471279 0.13751152157783508 77
1677074474805 0.13952520489692688 78
1677074478332 0.13584871590137482 79
1677074481821 0.13654781877994537 80
1677074485277 0.1362127810716629 81
1677074488777 0.13226597011089325 82
1677074492265 0.14019878208637238 83
1677074495721 0.13857001066207886 84
1677074499238 0.13636599481105804 85
1677074502739 0.13196033239364624 86
1677074506193 0.13247531652450562 87
1677074509709 0.14052428305149078 88
1677074513212 0.1368570476770401 89
1677074516647 0.137129545211792 90
1677074520151 0.13640902936458588 91
1677074523695 0.14060567319393158 92
1677074527199 0.13826578855514526 93
1677074530666 0.13683758676052094 94
1677074534172 0.1359240859746933 95
1677074537669 0.13388028740882874 96
1677074541136 0.13106076419353485 97
1677074544641 0.1363181173801422 98
1677074548156 0.13218730688095093 99
1677074551616 0.13109278678894043 100
1677074555116 0.13393695652484894 101
1677074558614 0.1366649568080902 102
1677074562095 0.13770020008087158 103
1677074565564 0.13589651882648468 104
1677074569093 0.1381383091211319 105
1677074572583 0.13334347307682037 106
1677074576053 0.13477414846420288 107
1677074579613 0.13657911121845245 108
1677074583136 0.1336565762758255 109
1677074586591 0.13096024096012115 110
1677074590099 0.12767530977725983 111
1677074593617 0.1319662183523178 112
1677074597121 0.13233935832977295 113
1677074600598 0.13733963668346405 114
1677074604121 0.13390228152275085 115
1677074607630 0.1385931819677353 116
1677074611099 0.13166670501232147 117
1677074614610 0.1366870403289795 118
1677074618121 0.13409225642681122 119
1677074621569 0.13125237822532654 120
1677074625076 0.13049261271953583 121
1677074628585 0.13457544147968292 122
1677074632077 0.1358892023563385 123
1677074635554 0.13294368982315063 124
1677074639072 0.13048729300498962 125
1677074642567 0.13329830765724182 126
1677074646059 0.1338512897491455 127
1677074649580 0.13538536429405212 128
1677074653158 0.13012154400348663 129
1677074656642 0.1315881311893463 130
1677074660127 0.1309032440185547 131
1677074663619 0.13267430663108826 132
1677074667108 0.12862855195999146 133
1677074670590 0.1368739902973175 134
1677074674105 0.13510429859161377 135
1677074678002 0.133759006857872 136
1677074681650 0.13737820088863373 137
1677074685292 0.13221538066864014 138
1677074688942 0.13351882994174957 139
1677074693323 0.13200318813323975 140
1677074697585 0.12911856174468994 141
1677074701866 0.1371387094259262 142
1677074705751 0.130983367562294 143
1677074709535 0.13194780051708221 144
1677074713209 0.14126862585544586 145
1677074716883 0.1360948085784912 146
1677074720352 0.13194870948791504 147
1677074723874 0.13392163813114166 148
1677074727347 0.13019800186157227 149
