1675252185180 0.23589622974395752 0
1675252187904 0.2114076018333435 1
1675252190647 0.19789543747901917 2
1675252193398 0.17937837541103363 3
1675252196141 0.1686253845691681 4
1675252198831 0.15859001874923706 5
1675252201585 0.15104013681411743 6
1675252204444 0.14589369297027588 7
1675252207831 0.14066177606582642 8
1675252211083 0.14196424186229706 9
1675252213797 0.1366349160671234 10
1675252216531 0.14599952101707458 11
1675252219172 0.13460604846477509 12
1675252221736 0.13269461691379547 13
1675252224254 0.12630926072597504 14
1675252226782 0.12285255640745163 15
1675252229282 0.12396232038736343 16
1675252231829 0.1201205849647522 17
1675252234360 0.11847354471683502 18
1675252236860 0.11792492121458054 19
1675252239376 0.1156984493136406 20
1675252241893 0.1138869971036911 21
1675252244423 0.11077800393104553 22
1675252247049 0.10599680989980698 23
1675252249689 0.10663875937461853 24
1675252252314 0.10624058544635773 25
1675252254878 0.10737606137990952 26
1675252257361 0.09900546818971634 27
1675252259862 0.10436137765645981 28
1675252262361 0.10152938216924667 29
1675252264861 0.10504089295864105 30
1675252267361 0.10290080308914185 31
1675252269861 0.10096549242734909 32
1675252272553 0.09917623549699783 33
1675252275215 0.09662359207868576 34
1675252278146 0.09504857659339905 35
1675252280756 0.09661359339952469 36
1675252283335 0.09231620281934738 37
1675252285935 0.09114941954612732 38
1675252288537 0.09894310683012009 39
1675252291128 0.09510529041290283 40
1675252293725 0.09442302584648132 41
1675252296335 0.09258882701396942 42
1675252298900 0.0924784317612648 43
1675252301455 0.09366756677627563 44
1675252304153 0.08977600932121277 45
1675252306807 0.0901680514216423 46
1675252309453 0.08869294077157974 47
1675252311942 0.08799546211957932 48
1675252314496 0.08839761465787888 49
1675252317071 0.0854468122124672 50
1675252319683 0.08683852851390839 51
1675252322206 0.0873342901468277 52
1675252324706 0.08693762123584747 53
1675252327191 0.08619875460863113 54
1675252329717 0.0832516998052597 55
1675252332217 0.08637981116771698 56
1675252334717 0.0836007371544838 57
1675252337233 0.08761157840490341 58
1675252339733 0.08583184331655502 59
1675252342250 0.08517826348543167 60
1675252344782 0.08419976383447647 61
1675252347337 0.08293941617012024 62
1675252349886 0.08271246403455734 63
1675252352435 0.08301181346178055 64
1675252355004 0.08400078862905502 65
1675252357561 0.08181951195001602 66
1675252360387 0.08292340487241745 67
1675252363018 0.08475881069898605 68
1675252365581 0.0806223526597023 69
1675252368119 0.0813332200050354 70
1675252370716 0.08477970212697983 71
1675252373388 0.08132193982601166 72
1675252375954 0.08108961582183838 73
1675252378499 0.0798894539475441 74
1675252381055 0.08250359445810318 75
1675252383639 0.08062560111284256 76
1675252386205 0.07924380153417587 77
1675252388815 0.07839255779981613 78
1675252391389 0.07926078885793686 79
1675252394370 0.08067472279071808 80
1675252397206 0.07709023356437683 81
1675252400049 0.07767875492572784 82
1675252402913 0.08105851709842682 83
1675252405806 0.08025896549224854 84
1675252408939 0.08140012621879578 85
1675252411758 0.07789074629545212 86
1675252414528 0.07940683513879776 87
1675252417050 0.07715703547000885 88
1675252419694 0.07951897382736206 89
1675252422309 0.07802829891443253 90
1675252424839 0.0779038667678833 91
1675252427381 0.08052472770214081 92
1675252430041 0.07604456692934036 93
1675252432949 0.07424890249967575 94
1675252436184 0.07802275568246841 95
1675252438765 0.0774279311299324 96
1675252441407 0.07613499462604523 97
1675252444025 0.07594876736402512 98
1675252446607 0.07511087507009506 99
1675252449275 0.07895413786172867 100
1675252451985 0.07828962057828903 101
1675252454549 0.08061408251523972 102
1675252457141 0.07391305267810822 103
1675252459716 0.07522187381982803 104
1675252462272 0.07410407811403275 105
1675252464841 0.07411932945251465 106
1675252467387 0.07570650428533554 107
1675252469980 0.07712318748235703 108
1675252472597 0.07681242376565933 109
1675252475182 0.07351507246494293 110
1675252477741 0.07575737684965134 111
1675252480381 0.07598856091499329 112
1675252482951 0.0737205222249031 113
1675252485501 0.07501024007797241 114
1675252488059 0.07833781838417053 115
1675252490709 0.07340221107006073 116
1675252493926 0.0734868273139 117
1675252496445 0.07590322941541672 118
1675252499120 0.07407510280609131 119
1675252501654 0.07240885496139526 120
1675252504276 0.07046934962272644 121
1675252506798 0.07775642722845078 122
1675252509392 0.07745931297540665 123
1675252511876 0.07103748619556427 124
1675252514361 0.07744168490171432 125
1675252516830 0.07416936755180359 126
1675252519314 0.07422193884849548 127
1675252521876 0.07667571306228638 128
1675252524377 0.0746661126613617 129
1675252526955 0.07858327776193619 130
1675252529541 0.07378047704696655 131
1675252532025 0.07680018246173859 132
1675252534510 0.07442294806241989 133
1675252537010 0.07320505380630493 134
1675252539525 0.07499762624502182 135
1675252542010 0.0730738416314125 136
1675252544565 0.0708882212638855 137
1675252547087 0.07378891110420227 138
1675252549788 0.07436633855104446 139
1675252552649 0.07472803443670273 140
1675252555178 0.07495198398828506 141
1675252557703 0.0736306756734848 142
1675252560203 0.07162179052829742 143
1675252562740 0.07216372340917587 144
1675252565279 0.07349599897861481 145
1675252567822 0.07043774425983429 146
1675252571044 0.07281346619129181 147
1675252573949 0.07102221250534058 148
1675252576554 0.0738288164138794 149
