1675765800319 0.3061646819114685 0
1675765802987 0.27476003766059875 1
1675765805753 0.24694262444972992 2
1675765808451 0.2204112559556961 3
1675765811197 0.19954214990139008 4
1675765813855 0.19059130549430847 5
1675765816525 0.1822153627872467 6
1675765819152 0.17420628666877747 7
1675765821756 0.17886126041412354 8
1675765824353 0.1756742149591446 9
1675765826942 0.1685124635696411 10
1675765829593 0.16467596590518951 11
1675765832328 0.17455460131168365 12
1675765834903 0.18239130079746246 13
1675765837426 0.1748989224433899 14
1675765840137 0.17083758115768433 15
1675765842694 0.1661669909954071 16
1675765845297 0.15706725418567657 17
1675765847924 0.1612062156200409 18
1675765850522 0.155798077583313 19
1675765853035 0.15727250277996063 20
1675765855641 0.15619634091854095 21
1675765858188 0.1573617309331894 22
1675765860790 0.16643811762332916 23
1675765863322 0.15539699792861938 24
1675765865931 0.1627436727285385 25
1675765868461 0.15575526654720306 26
1675765871074 0.15267789363861084 27
1675765873593 0.1591344028711319 28
1675765876183 0.15703897178173065 29
1675765878723 0.15136712789535522 30
1675765881267 0.14501692354679108 31
1675765883839 0.15144695341587067 32
1675765886385 0.15422257781028748 33
1675765888925 0.1411369889974594 34
1675765891467 0.1528746485710144 35
1675765894088 0.16039201617240906 36
1675765896629 0.15356498956680298 37
1675765899163 0.14983056485652924 38
1675765901716 0.1412964016199112 39
1675765904306 0.1420438587665558 40
1675765906811 0.14693012833595276 41
1675765909441 0.15762360394001007 42
1675765911960 0.14812633395195007 43
1675765914532 0.1441936492919922 44
1675765917061 0.14186754822731018 45
1675765919694 0.14119738340377808 46
1675765922307 0.14403727650642395 47
1675765924980 0.15774975717067719 48
1675765927764 0.15348245203495026 49
1675765930715 0.14374639093875885 50
1675765933465 0.14676524698734283 51
1675765936161 0.14035679399967194 52
1675765939102 0.1382959634065628 53
1675765941631 0.14041997492313385 54
1675765944189 0.14401625096797943 55
1675765946706 0.1419248729944229 56
1675765949365 0.15083478391170502 57
1675765951905 0.1462937742471695 58
1675765954485 0.1391306072473526 59
1675765957010 0.14338049292564392 60
1675765959651 0.13549254834651947 61
1675765962259 0.13776317238807678 62
1675765964821 0.1356721818447113 63
1675765967336 0.1382511407136917 64
1675765969929 0.13778454065322876 65
1675765972411 0.1434018313884735 66
1675765974959 0.14650340378284454 67
1675765977446 0.15570884943008423 68
1675765980088 0.14736777544021606 69
1675765982587 0.14189238846302032 70
1675765985262 0.14456266164779663 71
1675765987776 0.14475516974925995 72
1675765990408 0.14060549437999725 73
1675765992965 0.14566925168037415 74
1675765995581 0.14535681903362274 75
1675765998084 0.13662002980709076 76
1675766000778 0.1440076231956482 77
1675766003301 0.1442728340625763 78
1675766005920 0.1435018628835678 79
1675766008455 0.14444759488105774 80
1675766011068 0.13389852643013 81
1675766013590 0.14171145856380463 82
1675766016161 0.13784077763557434 83
1675766018713 0.13900794088840485 84
1675766021256 0.14933966100215912 85
1675766023815 0.14008118212223053 86
1675766026345 0.14321798086166382 87
1675766028911 0.14042481780052185 88
1675766031427 0.1414661854505539 89
1675766034030 0.1415344923734665 90
1675766036539 0.13872505724430084 91
1675766039095 0.13763368129730225 92
1675766041833 0.14357413351535797 93
1675766044505 0.13860073685646057 94
1675766047210 0.13725802302360535 95
1675766050293 0.13600626587867737 96
1675766053482 0.1363736391067505 97
1675766056899 0.1289094090461731 98
1675766059785 0.13785359263420105 99
1675766062416 0.1362527757883072 100
1675766065152 0.13172034919261932 101
1675766067749 0.13020822405815125 102
1675766070314 0.13788938522338867 103
1675766072829 0.1369197964668274 104
1675766075497 0.13867045938968658 105
1675766078056 0.14133788645267487 106
1675766080806 0.1392718255519867 107
1675766083361 0.1322394609451294 108
1675766085975 0.13531209528446198 109
1675766088604 0.13307003676891327 110
1675766091196 0.130520761013031 111
1675766093785 0.14053300023078918 112
1675766096439 0.13458064198493958 113
1675766099038 0.136428564786911 114
1675766101659 0.13438847661018372 115
1675766104450 0.13399849832057953 116
1675766107053 0.1348724514245987 117
1675766109755 0.13616542518138885 118
1675766112433 0.13185124099254608 119
1675766115063 0.1348583996295929 120
1675766117735 0.13979701697826385 121
1675766120452 0.133152037858963 122
1675766123093 0.13316603004932404 123
1675766125905 0.1324760764837265 124
1675766129094 0.13205735385417938 125
1675766131778 0.13194504380226135 126
1675766134377 0.13282766938209534 127
1675766136967 0.1321999430656433 128
1675766139584 0.12925034761428833 129
1675766142295 0.13664034008979797 130
1675766144975 0.13150471448898315 131
1675766147622 0.1323169767856598 132
1675766150366 0.13872873783111572 133
1675766153166 0.13086766004562378 134
1675766156055 0.13421157002449036 135
1675766158790 0.1333288550376892 136
1675766161903 0.13276824355125427 137
1675766165007 0.1340460330247879 138
1675766167755 0.1304125189781189 139
1675766170444 0.12947210669517517 140
1675766173143 0.1319010853767395 141
1675766175758 0.1343008577823639 142
1675766178582 0.13517087697982788 143
1675766181154 0.128801628947258 144
1675766183760 0.13693153858184814 145
1675766186439 0.1322791427373886 146
1675766189091 0.13394509255886078 147
1675766191709 0.13052795827388763 148
1675766194425 0.1340879201889038 149
