1677067012375 0.3909055292606354 0
1677067025692 0.36575332283973694 1
1677067039032 0.3138482868671417 2
1677067052346 0.27097493410110474 3
1677067065692 0.26903465390205383 4
1677067079073 0.20624122023582458 5
1677067092390 0.17856837809085846 6
1677067105648 0.17392082512378693 7
1677067118986 0.187827929854393 8
1677067132307 0.19480669498443604 9
1677067145609 0.1751101166009903 10
1677067158902 0.17215391993522644 11
1677067172265 0.18282058835029602 12
1677067185546 0.29782313108444214 13
1677067198826 0.2437804490327835 14
1677067212155 0.1892549693584442 15
1677067225475 0.19241419434547424 16
1677067238792 0.1594764143228531 17
1677067252108 0.17555423080921173 18
1677067265391 0.1587647646665573 19
1677067278730 0.15305085480213165 20
1677067292053 0.15656685829162598 21
1677067305372 0.15067380666732788 22
1677067318706 0.14681369066238403 23
1677067331995 0.13820800185203552 24
1677067345305 0.13392643630504608 25
1677067358650 0.12951208651065826 26
1677067371973 0.12470059096813202 27
1677067385258 0.12318520247936249 28
1677067398599 0.12656435370445251 29
1677067411907 0.12269467860460281 30
1677067425179 0.11673219501972198 31
1677067438529 0.11673016101121902 32
1677067451848 0.11440956592559814 33
1677067465137 0.11214418709278107 34
1677067478517 0.11799529194831848 35
1677067491821 0.11147487908601761 36
1677067505098 0.11171979457139969 37
1677067518449 0.11387946456670761 38
1677067531711 0.11045895516872406 39
1677067545026 0.10803201049566269 40
1677067558320 0.11051615327596664 41
1677067571615 0.11023789644241333 42
1677067585145 0.11035743355751038 43
1677067598446 0.10574356466531754 44
1677067611723 0.10293025523424149 45
1677067625057 0.10598240047693253 46
1677067638402 0.10595335811376572 47
1677067651673 0.10611409693956375 48
1677067664960 0.10311222821474075 49
1677067678281 0.1074780523777008 50
1677067691540 0.10643859952688217 51
1677067704869 0.10431817173957825 52
1677067718170 0.10410110652446747 53
1677067731466 0.1069040521979332 54
1677067744781 0.10676634311676025 55
1677067758126 0.10001125931739807 56
1677067771391 0.10148830711841583 57
1677067784703 0.09849534928798676 58
1677067798025 0.09938783943653107 59
1677067811279 0.10061246156692505 60
1677067824605 0.0988561138510704 61
1677067837900 0.10308293253183365 62
1677067851160 0.10408812761306763 63
1677067864476 0.11057402938604355 64
1677067877794 0.11597970128059387 65
1677067891072 0.1066494882106781 66
1677067904353 0.10881730914115906 67
1677067917647 0.106935054063797 68
1677067930979 0.10458382219076157 69
1677067944304 0.107380211353302 70
1677067957572 0.10744362324476242 71
1677067970907 0.10720208287239075 72
1677067984260 0.10782403498888016 73
1677067997551 0.10272209346294403 74
1677068010851 0.10495985299348831 75
1677068024162 0.10532888770103455 76
1677068037458 0.10578081756830215 77
1677068050775 0.1034095510840416 78
1677068064113 0.10368241369724274 79
1677068077405 0.10624413192272186 80
1677068090732 0.10239354521036148 81
1677068104029 0.10100342333316803 82
1677068117363 0.10436154901981354 83
1677068130640 0.101085364818573 84
1677068143952 0.1015276089310646 85
1677068157294 0.10100342333316803 86
1677068170635 0.1002030298113823 87
1677068183973 0.10279525071382523 88
1677068197306 0.09691277891397476 89
1677068210626 0.10003595799207687 90
1677068223952 0.10074523836374283 91
1677068237301 0.10169355571269989 92
1677068250674 0.09695371240377426 93
1677068264248 0.09986674040555954 94
1677068277757 0.10175231099128723 95
1677068291169 0.10299768298864365 96
1677068304489 0.0942876785993576 97
1677068317842 0.09692058712244034 98
1677068331147 0.09809591621160507 99
1677068344470 0.09861146658658981 100
1677068357750 0.09741543978452682 101
1677068371066 0.09978103637695312 102
1677068384415 0.09815512597560883 103
1677068397707 0.09876223653554916 104
1677068411016 0.09507042914628983 105
1677068424350 0.0964500904083252 106
1677068437690 0.09800652414560318 107
1677068450969 0.10328082740306854 108
1677068464312 0.1078895851969719 109
1677068477616 0.10261686891317368 110
1677068491087 0.10176140069961548 111
1677068504417 0.10074358433485031 112
1677068517712 0.09962217509746552 113
1677068531059 0.10134072601795197 114
1677068544353 0.09968292713165283 115
1677068557636 0.0980377271771431 116
1677068570942 0.10460798442363739 117
1677068584295 0.09758248925209045 118
1677068597607 0.0984635278582573 119
1677068610898 0.0984049066901207 120
1677068624259 0.09834711253643036 121
1677068637578 0.0961831733584404 122
1677068650864 0.10182856768369675 123
1677068664224 0.09926479309797287 124
1677068677509 0.09829885512590408 125
1677068690822 0.10047197341918945 126
1677068704178 0.10013396292924881 127
1677068717490 0.10205250233411789 128
1677068730795 0.10244988650083542 129
1677068744109 0.10034731030464172 130
1677068757377 0.1000925675034523 131
1677068770684 0.09688356518745422 132
1677068783969 0.10097798705101013 133
1677068797308 0.10116131603717804 134
1677068810602 0.10005729645490646 135
1677068824241 0.09942122548818588 136
1677068837497 0.10000783950090408 137
1677068850795 0.0989738330245018 138
1677068864181 0.09757837653160095 139
1677068877787 0.09699355065822601 140
1677068891141 0.09918474406003952 141
1677068904530 0.09572864323854446 142
1677068917844 0.09761495143175125 143
1677068931141 0.09657594561576843 144
1677068944479 0.09561727941036224 145
1677068957792 0.09662169963121414 146
1677068971117 0.09682917594909668 147
1677068984452 0.09521385282278061 148
1677068997787 0.09610895812511444 149
