1675937062846 0.4906060993671417 0
1675937066581 0.4762424826622009 1
1675937070326 0.46784019470214844 2
1675937074072 0.45122647285461426 3
1675937077848 0.43247637152671814 4
1675937081595 0.41204512119293213 5
1675937085350 0.3918169140815735 6
1675937089075 0.37113821506500244 7
1675937092814 0.35449567437171936 8
1675937096554 0.33688420057296753 9
1675937100270 0.3286597728729248 10
1675937104005 0.3301674425601959 11
1675937107718 0.35069191455841064 12
1675937111537 0.33910977840423584 13
1675937115260 0.44481924176216125 14
1675937118990 0.34342581033706665 15
1675937122711 0.31908050179481506 16
1675937126475 0.307415634393692 17
1675937130225 0.29425129294395447 18
1675937134033 0.28953269124031067 19
1675937137815 0.27962392568588257 20
1675937141622 0.2756653428077698 21
1675937145397 0.27213412523269653 22
1675937149195 0.2686219811439514 23
1675937152960 0.26757216453552246 24
1675937156728 0.2651209533214569 25
1675937160565 0.2683928310871124 26
1675937164334 0.25775131583213806 27
1675937168122 0.2640111446380615 28
1675937171898 0.2545989751815796 29
1675937175727 0.25274842977523804 30
1675937179492 0.2488715499639511 31
1675937183260 0.24536852538585663 32
1675937187035 0.2541115880012512 33
1675937190851 0.24702787399291992 34
1675937194655 0.2426491379737854 35
1675937198430 0.23826299607753754 36
1675937202198 0.23975077271461487 37
1675937205977 0.22872641682624817 38
1675937209785 0.23615394532680511 39
1675937213536 0.23811109364032745 40
1675937217295 0.23585286736488342 41
1675937221078 0.2327304631471634 42
1675937224985 0.23733428120613098 43
1675937228764 0.23193487524986267 44
1675937232547 0.2327280342578888 45
1675937236344 0.22448547184467316 46
1675937240165 0.228229820728302 47
1675937243988 0.2302113026380539 48
1675937247867 0.22319310903549194 49
1675937251664 0.22590425610542297 50
1675937255445 0.2285647988319397 51
1675937259285 0.22822463512420654 52
1675937263097 0.22802065312862396 53
1675937266846 0.22749154269695282 54
1675937270638 0.22532230615615845 55
1675937274426 0.2231806069612503 56
1675937278206 0.2213434875011444 57
1675937281994 0.21934781968593597 58
1675937285756 0.21829502284526825 59
1675937289505 0.21906952559947968 60
1675937293269 0.21767747402191162 61
1675937297061 0.2192859947681427 62
1675937300920 0.22672416269779205 63
1675937304798 0.21916738152503967 64
1675937308561 0.22160260379314423 65
1675937312478 0.21993409097194672 66
1675937316720 0.2153235524892807 67
1675937320718 0.22320406138896942 68
1675937324834 0.2237871140241623 69
1675937328896 0.21538057923316956 70
1675937332931 0.21861322224140167 71
1675937336992 0.22253543138504028 72
1675937340926 0.21468621492385864 73
1675937344879 0.21273508667945862 74
1675937348971 0.21974439918994904 75
1675937352859 0.2195696234703064 76
1675937356803 0.21795573830604553 77
1675937360747 0.22292211651802063 78
1675937364676 0.2193460762500763 79
1675937368709 0.21949201822280884 80
1675937372513 0.21979181468486786 81
1675937376598 0.21839399635791779 82
1675937380467 0.21617531776428223 83
1675937384218 0.2237691581249237 84
1675937388041 0.22198772430419922 85
1675937391786 0.21800807118415833 86
1675937395582 0.21849992871284485 87
1675937399376 0.2140078842639923 88
1675937403150 0.21877239644527435 89
1675937406980 0.21854595839977264 90
1675937410768 0.21816210448741913 91
1675937414581 0.21814927458763123 92
1675937418351 0.21915043890476227 93
1675937422135 0.21758365631103516 94
1675937425916 0.21951772272586823 95
1675937429685 0.21479293704032898 96
1675937433441 0.21244394779205322 97
1675937437228 0.213723823428154 98
1675937440985 0.21532773971557617 99
1675937444784 0.21943378448486328 100
1675937448715 0.21674609184265137 101
1675937452503 0.2144922912120819 102
1675937456272 0.2168041318655014 103
1675937460113 0.21368570625782013 104
1675937463942 0.21457570791244507 105
1675937467768 0.21528691053390503 106
1675937471583 0.211500346660614 107
1675937475437 0.21382206678390503 108
1675937479295 0.2117612361907959 109
1675937483145 0.22078384459018707 110
1675937486972 0.21623146533966064 111
1675937490792 0.2169758528470993 112
1675937494756 0.2135561853647232 113
1675937498615 0.21246148645877838 114
1675937502443 0.21903197467327118 115
1675937506315 0.21503174304962158 116
1675937510349 0.2187875211238861 117
1675937514192 0.21610774099826813 118
1675937518070 0.21163764595985413 119
1675937521994 0.21777169406414032 120
1675937526212 0.21135827898979187 121
1675937530515 0.21798837184906006 122
1675937534383 0.20991972088813782 123
1675937538234 0.2185157835483551 124
1675937542112 0.2137921005487442 125
1675937545967 0.21072237193584442 126
1675937549818 0.21635587513446808 127
1675937553669 0.20996958017349243 128
1675937557564 0.21133704483509064 129
1675937561560 0.21105487644672394 130
1675937565430 0.21601136028766632 131
1675937569426 0.20867200195789337 132
1675937573444 0.21639926731586456 133
1675937577548 0.2148151695728302 134
1675937581417 0.21115463972091675 135
1675937585301 0.21391059458255768 136
1675937589240 0.20660841464996338 137
1675937593245 0.2128947377204895 138
1675937597053 0.21438510715961456 139
1675937600960 0.2130035161972046 140
1675937604847 0.2123117595911026 141
1675937608808 0.21260811388492584 142
1675937612903 0.21370437741279602 143
1675937617044 0.2163311243057251 144
1675937621157 0.21428075432777405 145
1675937625162 0.21140705049037933 146
1675937629075 0.21262158453464508 147
1675937633025 0.21360306441783905 148
1675937636970 0.21201945841312408 149
