1676888188882 0.2832130193710327 0
1676888192757 0.24408778548240662 1
1676888196879 0.22346416115760803 2
1676888201007 0.2076665312051773 3
1676888205257 0.19551803171634674 4
1676888209274 0.185477614402771 5
1676888213159 0.17866258323192596 6
1676888216880 0.1762886792421341 7
1676888220559 0.1650833785533905 8
1676888224235 0.16432903707027435 9
1676888228086 0.16724680364131927 10
1676888232071 0.1556791514158249 11
1676888236050 0.1580856889486313 12
1676888240178 0.15707159042358398 13
1676888244088 0.16217488050460815 14
1676888248323 0.15495505928993225 15
1676888252182 0.15048323571681976 16
1676888255929 0.1507057547569275 17
1676888259472 0.15061154961585999 18
1676888262976 0.14492283761501312 19
1676888266883 0.13960886001586914 20
1676888270720 0.14550672471523285 21
1676888274613 0.14645832777023315 22
1676888278544 0.1443604826927185 23
1676888282267 0.14554241299629211 24
1676888286243 0.13978774845600128 25
1676888289778 0.14290949702262878 26
1676888293310 0.13591229915618896 27
1676888296873 0.14251065254211426 28
1676888300462 0.13657061755657196 29
1676888304058 0.17320837080478668 30
1676888307823 0.1685827523469925 31
1676888311568 0.15421459078788757 32
1676888315075 0.1456131637096405 33
1676888318700 0.14901824295520782 34
1676888322216 0.15317794680595398 35
1676888325732 0.14356419444084167 36
1676888330047 0.13765379786491394 37
1676888333684 0.14104771614074707 38
1676888337313 0.1382029801607132 39
1676888340896 0.13941219449043274 40
1676888344478 0.14108063280582428 41
1676888348065 0.14107438921928406 42
1676888351644 0.13505986332893372 43
1676888355454 0.13490542769432068 44
1676888359642 0.1357264369726181 45
1676888363520 0.13800516724586487 46
1676888367441 0.1372218281030655 47
1676888371304 0.13682720065116882 48
1676888374947 0.14017148315906525 49
1676888378813 0.13522697985172272 50
1676888382384 0.13381323218345642 51
1676888386087 0.13267742097377777 52
1676888389686 0.13300633430480957 53
1676888393911 0.13400964438915253 54
1676888398410 0.13190461695194244 55
1676888401981 0.13439473509788513 56
1676888405548 0.12990723550319672 57
1676888409098 0.13368310034275055 58
1676888412637 0.1278972327709198 59
1676888416165 0.13289105892181396 60
1676888419686 0.1323464810848236 61
1676888423281 0.13744321465492249 62
1676888426872 0.13389712572097778 63
1676888430450 0.1281397044658661 64
1676888434216 0.13086725771427155 65
1676888437732 0.13023041188716888 66
1676888441390 0.1310955137014389 67
1676888444919 0.13273240625858307 68
1676888448435 0.13407540321350098 69
1676888451958 0.12894153594970703 70
1676888455451 0.13130688667297363 71
1676888458955 0.13234426081180573 72
1676888462428 0.1293734610080719 73
1676888465920 0.13031359016895294 74
1676888469389 0.12879522144794464 75
1676888472924 0.12941880524158478 76
1676888476419 0.12987135350704193 77
1676888479969 0.1321314126253128 78
1676888483499 0.1339842826128006 79
1676888487015 0.1311340481042862 80
1676888490546 0.12755653262138367 81
1676888494140 0.13101807236671448 82
1676888497681 0.12997323274612427 83
1676888501328 0.12742212414741516 84
1676888504922 0.12937584519386292 85
1676888508562 0.12831418216228485 86
1676888512220 0.13325630128383636 87
1676888515767 0.132764995098114 88
1676888519315 0.13298863172531128 89
1676888522856 0.12818248569965363 90
1676888526404 0.12904109060764313 91
1676888529944 0.131273090839386 92
1676888533471 0.1300661861896515 93
1676888537020 0.12738892436027527 94
1676888540672 0.12421069294214249 95
1676888544257 0.1295202672481537 96
1676888547908 0.1277298480272293 97
1676888551517 0.13054411113262177 98
1676888555199 0.12767794728279114 99
1676888558893 0.1313200294971466 100
1676888562439 0.12996573746204376 101
1676888566300 0.12836988270282745 102
1676888570268 0.1273586004972458 103
1676888573846 0.1249600499868393 104
1676888577377 0.12863515317440033 105
1676888580909 0.13198964297771454 106
1676888584423 0.12926305830478668 107
1676888587956 0.13244232535362244 108
1676888591487 0.1293473094701767 109
1676888595019 0.1314190775156021 110
1676888598550 0.12792564928531647 111
1676888602051 0.12746380269527435 112
1676888605619 0.1281677484512329 113
1676888609176 0.1283060759305954 114
1676888612739 0.12668661773204803 115
1676888616292 0.12855684757232666 116
1676888619820 0.12902770936489105 117
1676888623366 0.12610183656215668 118
1676888626970 0.1276366114616394 119
1676888630812 0.12696032226085663 120
1676888634460 0.1268249750137329 121
1676888638197 0.13178063929080963 122
1676888642004 0.13171403110027313 123
1676888645819 0.12726172804832458 124
1676888649346 0.12736961245536804 125
1676888653014 0.12793757021427155 126
1676888656633 0.12995408475399017 127
1676888660340 0.12876035273075104 128
1676888664073 0.12486585229635239 129
1676888667711 0.12614265084266663 130
1676888671640 0.12860149145126343 131
1676888675368 0.12824437022209167 132
1676888678956 0.1270160675048828 133
1676888682569 0.12548686563968658 134
1676888686209 0.12927381694316864 135
1676888689772 0.1287149041891098 136
1676888693475 0.12452787160873413 137
1676888697085 0.12285222858190536 138
1676888700649 0.12556642293930054 139
1676888704210 0.12804533541202545 140
1676888707743 0.12656791508197784 141
1676888711273 0.12368948757648468 142
1676888714789 0.12260252982378006 143
1676888718336 0.12851929664611816 144
1676888721883 0.1233927384018898 145
1676888725445 0.12549790740013123 146
1676888729019 0.12713907659053802 147
1676888732571 0.12427902221679688 148
1676888736118 0.1305745244026184 149
