1677069075342 0.2815735936164856 0
1677069089523 0.25561708211898804 1
1677069103793 0.2397516369819641 2
1677069117929 0.2228805273771286 3
1677069132081 0.20954886078834534 4
1677069146197 0.19403904676437378 5
1677069160364 0.1839960515499115 6
1677069174528 0.1653827726840973 7
1677069188707 0.16097916662693024 8
1677069202873 0.15982472896575928 9
1677069217036 0.1487077921628952 10
1677069231188 0.14804793894290924 11
1677069245385 0.14102482795715332 12
1677069259603 0.15102431178092957 13
1677069273820 0.14211620390415192 14
1677069288020 0.14210158586502075 15
1677069302175 0.136460542678833 16
1677069316348 0.13481037318706512 17
1677069330561 0.13730354607105255 18
1677069344709 0.13741342723369598 19
1677069358969 0.1400545984506607 20
1677069373198 0.13556349277496338 21
1677069387600 0.13154937326908112 22
1677069401738 0.1392480880022049 23
1677069415862 0.12863893806934357 24
1677069430051 0.12919656932353973 25
1677069444209 0.13117408752441406 26
1677069458403 0.13418696820735931 27
1677069472589 0.12651894986629486 28
1677069486747 0.12644632160663605 29
1677069500922 0.126377671957016 30
1677069515048 0.13004198670387268 31
1677069529246 0.129926398396492 32
1677069543422 0.13116131722927094 33
1677069557568 0.12682795524597168 34
1677069571752 0.1297689825296402 35
1677069585905 0.12560874223709106 36
1677069600069 0.12527446448802948 37
1677069614213 0.12462656199932098 38
1677069628383 0.12462250888347626 39
1677069642544 0.12388427555561066 40
1677069656716 0.12492541968822479 41
1677069670874 0.12329325079917908 42
1677069685025 0.1267234981060028 43
1677069699233 0.1233973279595375 44
1677069713374 0.1231771931052208 45
1677069727550 0.12534372508525848 46
1677069741744 0.1297464668750763 47
1677069755908 0.1284036934375763 48
1677069770064 0.12590467929840088 49
1677069784263 0.12343909591436386 50
1677069798424 0.11921332031488419 51
1677069812587 0.12235002219676971 52
1677069826775 0.1190439984202385 53
1677069840930 0.1202022135257721 54
1677069855062 0.11851400136947632 55
1677069869247 0.12164496630430222 56
1677069883431 0.11809829622507095 57
1677069897602 0.11993931978940964 58
1677069911805 0.1178300678730011 59
1677069925970 0.11791536957025528 60
1677069940124 0.11916989833116531 61
1677069954357 0.11827684938907623 62
1677069968580 0.11878196895122528 63
1677069982722 0.11865600198507309 64
1677069996882 0.11403895914554596 65
1677070010997 0.11428280174732208 66
1677070025220 0.1133718192577362 67
1677070039384 0.10769489407539368 68
1677070053552 0.11308422684669495 69
1677070067750 0.10878244787454605 70
1677070081944 0.10930480062961578 71
1677070096109 0.1112726479768753 72
1677070110309 0.10858975350856781 73
1677070124454 0.11150350421667099 74
1677070138636 0.10674144327640533 75
1677070152754 0.10732531547546387 76
1677070166924 0.10643316805362701 77
1677070181120 0.11267799139022827 78
1677070195287 0.10580244660377502 79
1677070209456 0.10829325765371323 80
1677070223652 0.11098052561283112 81
1677070237813 0.10584576427936554 82
1677070251975 0.10766717791557312 83
1677070266198 0.1073559820652008 84
1677070280339 0.11217714101076126 85
1677070294682 0.1049262210726738 86
1677070308813 0.10472606122493744 87
1677070322990 0.11036612093448639 88
1677070337135 0.11149998754262924 89
1677070351241 0.10978570580482483 90
1677070365453 0.1115230917930603 91
1677070379620 0.10549068450927734 92
1677070393761 0.11342298984527588 93
1677070407922 0.10470999032258987 94
1677070422050 0.10506730526685715 95
1677070436188 0.10742299258708954 96
1677070450342 0.10458839684724808 97
1677070464468 0.10277507454156876 98
1677070478651 0.10341352969408035 99
1677070492817 0.10187231004238129 100
1677070506975 0.1030949279665947 101
1677070521118 0.10567548871040344 102
1677070535273 0.10725445300340652 103
1677070549460 0.10832738131284714 104
1677070563602 0.10567481815814972 105
1677070577730 0.11049092561006546 106
1677070591878 0.10354773700237274 107
1677070606019 0.10455102473497391 108
1677070620206 0.10377856343984604 109
1677070634392 0.10847237706184387 110
1677070648523 0.10605937242507935 111
1677070662645 0.10601960122585297 112
1677070676825 0.10675038397312164 113
1677070690957 0.10830249637365341 114
1677070705100 0.10748735815286636 115
1677070719257 0.10627765953540802 116
1677070733404 0.10480979084968567 117
1677070747533 0.10429831594228745 118
1677070761701 0.10725267231464386 119
1677070775822 0.1064961776137352 120
1677070789988 0.10822397470474243 121
1677070804183 0.10455089062452316 122
1677070818377 0.10478649288415909 123
1677070832509 0.10488134622573853 124
1677070846599 0.10608606785535812 125
1677070860751 0.10685224831104279 126
1677070874942 0.10107223689556122 127
1677070889076 0.10283277183771133 128
1677070903258 0.10270339250564575 129
1677070917394 0.10593745857477188 130
1677070931540 0.10651270300149918 131
1677070945741 0.10382027924060822 132
1677070959869 0.10978195071220398 133
1677070974019 0.10628236085176468 134
1677070988187 0.1070190966129303 135
1677071002458 0.10298824310302734 136
1677071016872 0.10408776998519897 137
1677071031030 0.103840671479702 138
1677071045190 0.1063559353351593 139
1677071059358 0.1017509326338768 140
1677071073570 0.10112409293651581 141
1677071087713 0.10644263029098511 142
1677071101886 0.10515061765909195 143
1677071116004 0.10963805019855499 144
1677071130087 0.10017364472150803 145
1677071144224 0.10284464061260223 146
1677071158356 0.10352682322263718 147
1677071172496 0.10216685384511948 148
1677071186824 0.1027175709605217 149
