1675414174036 0.3174355626106262 0
1675414177001 0.3045380115509033 1
1675414179796 0.29336273670196533 2
1675414182614 0.27899208664894104 3
1675414185517 0.27072858810424805 4
1675414188430 0.25831061601638794 5
1675414191175 0.24844735860824585 6
1675414193881 0.23332591354846954 7
1675414196606 0.2196156084537506 8
1675414199555 0.20706042647361755 9
1675414202508 0.18575190007686615 10
1675414205236 0.16981887817382812 11
1675414207941 0.15045830607414246 12
1675414210638 0.15123313665390015 13
1675414213393 0.1539648175239563 14
1675414216038 0.14408117532730103 15
1675414218702 0.14447399973869324 16
1675414221448 0.13133172690868378 17
1675414224170 0.13853321969509125 18
1675414227038 0.13217559456825256 19
1675414229782 0.12749609351158142 20
1675414232403 0.11896580457687378 21
1675414234997 0.11077115684747696 22
1675414237591 0.11752846091985703 23
1675414240248 0.1171342208981514 24
1675414242844 0.11069656163454056 25
1675414245514 0.10811147838830948 26
1675414248076 0.10691802948713303 27
1675414250765 0.10395790636539459 28
1675414253358 0.09741076081991196 29
1675414255967 0.10059641301631927 30
1675414258599 0.10030095279216766 31
1675414261281 0.09860248863697052 32
1675414263843 0.08963830769062042 33
1675414266451 0.09717536717653275 34
1675414269094 0.09753631055355072 35
1675414271702 0.09981630742549896 36
1675414274343 0.09467634558677673 37
1675414276936 0.09596747905015945 38
1675414279590 0.0905826985836029 39
1675414282770 0.0917966365814209 40
1675414285942 0.11025853455066681 41
1675414289291 0.09666462242603302 42
1675414292407 0.09155858308076859 43
1675414295015 0.0893733873963356 44
1675414297625 0.08952676504850388 45
1675414300220 0.0905679389834404 46
1675414302857 0.08731989562511444 47
1675414305485 0.08750399202108383 48
1675414308110 0.08643800765275955 49
1675414310719 0.08907642960548401 50
1675414313407 0.0920264720916748 51
1675414315970 0.09183952212333679 52
1675414318610 0.0876026451587677 53
1675414321255 0.08523078262805939 54
1675414323922 0.08725852519273758 55
1675414326548 0.0862237811088562 56
1675414329173 0.08618145436048508 57
1675414331798 0.08448009938001633 58
1675414334455 0.08684797585010529 59
1675414337064 0.08907803893089294 60
1675414339627 0.08400904387235641 61
1675414342299 0.0871964544057846 62
1675414344875 0.08406282216310501 63
1675414347439 0.0852498784661293 64
1675414350049 0.08167797327041626 65
1675414352594 0.07964354753494263 66
1675414355268 0.08757902681827545 67
1675414357799 0.0830095186829567 68
1675414360364 0.08364906907081604 69
1675414362892 0.08307580649852753 70
1675414365455 0.08186592161655426 71
1675414368018 0.08356471359729767 72
1675414370768 0.08280951529741287 73
1675414373315 0.08428334444761276 74
1675414375877 0.08197367936372757 75
1675414378442 0.08342139422893524 76
1675414381069 0.08218614757061005 77
1675414383615 0.08041258156299591 78
1675414386269 0.0800926685333252 79
1675414388925 0.08244068175554276 80
1675414391535 0.08261527866125107 81
1675414394113 0.08079609274864197 82
1675414396771 0.0822879821062088 83
1675414399332 0.08114084601402283 84
1675414402038 0.08496879041194916 85
1675414404614 0.0846184715628624 86
1675414407176 0.0846879631280899 87
1675414409739 0.08327599614858627 88
1675414412302 0.08182414621114731 89
1675414414958 0.08080632984638214 90
1675414417457 0.0788317397236824 91
1675414419988 0.08071690797805786 92
1675414422520 0.08174216002225876 93
1675414425036 0.07960453629493713 94
1675414427568 0.08046653866767883 95
1675414430099 0.08183171600103378 96
1675414432646 0.0796617865562439 97
1675414435177 0.0804457813501358 98
1675414437740 0.07625727355480194 99
1675414440302 0.07751275599002838 100
1675414442958 0.08123331516981125 101
1675414445596 0.08189402520656586 102
1675414448178 0.08283009380102158 103
1675414450741 0.07830696552991867 104
1675414453349 0.07820910215377808 105
1675414456038 0.08149625360965729 106
1675414458601 0.07890790700912476 107
1675414461225 0.07786816358566284 108
1675414463863 0.08272179216146469 109
1675414466468 0.07965371757745743 110
1675414469116 0.08137515187263489 111
1675414471707 0.07812395691871643 112
1675414474287 0.07797444611787796 113
1675414476944 0.08005578815937042 114
1675414479617 0.07944618165493011 115
1675414482210 0.0810408815741539 116
1675414484864 0.07915157824754715 117
1675414487498 0.07743709534406662 118
1675414490134 0.07890675961971283 119
1675414492821 0.07828289270401001 120
1675414495555 0.07808355242013931 121
1675414498163 0.07792248576879501 122
1675414500789 0.07718764245510101 123
1675414503400 0.07867851853370667 124
1675414505945 0.07848819345235825 125
1675414508565 0.07898220419883728 126
1675414511178 0.07819756865501404 127
1675414513930 0.07731204479932785 128
1675414516612 0.07689902931451797 129
1675414519352 0.07576087862253189 130
1675414522335 0.07723553478717804 131
1675414524962 0.07978041470050812 132
1675414527553 0.07654907554388046 133
1675414530560 0.07667076587677002 134
1675414533634 0.07871368527412415 135
1675414536275 0.0777868777513504 136
1675414538883 0.0770818442106247 137
1675414541461 0.07580854743719101 138
1675414544161 0.0751611590385437 139
1675414547103 0.0779859870672226 140
1675414550121 0.07753946632146835 141
1675414552933 0.07502742111682892 142
1675414555737 0.07630839198827744 143
1675414558558 0.07671548426151276 144
1675414561303 0.07596585899591446 145
1675414563916 0.07606370002031326 146
1675414566572 0.07802074402570724 147
1675414569186 0.07531390339136124 148
1675414571820 0.0753132626414299 149
