1675248969808 0.2127433717250824 0
1675248972643 0.18747128546237946 1
1675248975464 0.17148306965827942 2
1675248978582 0.15528550744056702 3
1675248981692 0.14596258103847504 4
1675248984834 0.1362456977367401 5
1675248987807 0.12988029420375824 6
1675248990512 0.11909308284521103 7
1675248993324 0.11448676139116287 8
1675248996334 0.11066187173128128 9
1675248999333 0.09581060707569122 10
1675249002170 0.09956564009189606 11
1675249004943 0.09155542403459549 12
1675249007879 0.09249354898929596 13
1675249010627 0.09776584804058075 14
1675249013455 0.08864635229110718 15
1675249016268 0.08377362787723541 16
1675249019049 0.07729040086269379 17
1675249021863 0.0764528214931488 18
1675249024759 0.06401500850915909 19
1675249027666 0.06266134977340698 20
1675249030749 0.05808322876691818 21
1675249033899 0.059454530477523804 22
1675249036770 0.05744628235697746 23
1675249039583 0.04962679371237755 24
1675249042567 0.04997741058468819 25
1675249045458 0.0565834641456604 26
1675249048443 0.05219746008515358 27
1675249051352 0.049324534833431244 28
1675249054177 0.045595377683639526 29
1675249057067 0.04166223853826523 30
1675249060019 0.04386501759290695 31
1675249062724 0.041933927685022354 32
1675249065599 0.04017551243305206 33
1675249068366 0.03538969159126282 34
1675249071068 0.03659543767571449 35
1675249073943 0.03297305107116699 36
1675249076787 0.03169857710599899 37
1675249079709 0.029692869633436203 38
1675249082522 0.032354991883039474 39
1675249085510 0.03149312734603882 40
1675249088272 0.03156762942671776 41
1675249091162 0.029563935473561287 42
1675249093913 0.028113942593336105 43
1675249096703 0.02600131183862686 44
1675249099478 0.02517302706837654 45
1675249102237 0.024591347202658653 46
1675249105163 0.024326426908373833 47
1675249108150 0.02241571992635727 48
1675249110929 0.021970946341753006 49
1675249113769 0.02083984762430191 50
1675249116441 0.02134198322892189 51
1675249119072 0.02015565149486065 52
1675249122106 0.01945308782160282 53
1675249124846 0.019095519557595253 54
1675249127549 0.018810000270605087 55
1675249130347 0.018195252865552902 56
1675249133067 0.018390605226159096 57
1675249135894 0.01720765233039856 58
1675249138629 0.017078625038266182 59
1675249141347 0.016884295269846916 60
1675249144129 0.01666846312582493 61
1675249146910 0.016457432880997658 62
1675249149613 0.01678592897951603 63
1675249152331 0.01670173555612564 64
1675249155066 0.01596047915518284 65
1675249157895 0.016162002459168434 66
1675249160597 0.016038397327065468 67
1675249163364 0.015977386385202408 68
1675249166196 0.015916215255856514 69
1675249168987 0.015718186274170876 70
1675249171643 0.01579291559755802 71
1675249174284 0.015374205075204372 72
1675249176956 0.0158561859279871 73
1675249179596 0.015619737096130848 74
1675249182268 0.015682747587561607 75
1675249184909 0.015579222701489925 76
1675249187549 0.015592281706631184 77
1675249190221 0.015685582533478737 78
1675249192879 0.01565215364098549 79
1675249195530 0.0157480351626873 80
1675249198457 0.015398127026855946 81
1675249201129 0.015486733056604862 82
1675249204061 0.015341426245868206 83
1675249206907 0.015551016665995121 84
1675249209757 0.01554601639509201 85
1675249212555 0.015212364494800568 86
1675249215329 0.015691125765442848 87
1675249218294 0.015435940586030483 88
1675249221554 0.015536503866314888 89
1675249224662 0.015419322066009045 90
1675249227717 0.01530433539301157 91
1675249230832 0.015496156178414822 92
1675249233896 0.015476875007152557 93
1675249236962 0.015463091433048248 94
1675249240042 0.015507263131439686 95
1675249243161 0.015364613384008408 96
1675249245945 0.015356289222836494 97
1675249248780 0.0153782544657588 98
1675249251607 0.015266310423612595 99
1675249254417 0.0153801953420043 100
1675249257238 0.015429643914103508 101
1675249259992 0.015373272821307182 102
1675249262840 0.015272933058440685 103
1675249266126 0.015435626730322838 104
1675249268959 0.01548859290778637 105
1675249271812 0.015525445342063904 106
1675249274629 0.015460759401321411 107
1675249277458 0.015298753045499325 108
1675249280225 0.015280405059456825 109
1675249283078 0.015401975251734257 110
1675249285871 0.015267151407897472 111
1675249288677 0.01544850692152977 112
1675249291487 0.015499869361519814 113
1675249294294 0.015395273454487324 114
1675249297132 0.015540330670773983 115
1675249300012 0.015480874106287956 116
1675249302829 0.015699729323387146 117
1675249305646 0.015397632494568825 118
1675249308409 0.015299523249268532 119
1675249311180 0.015648555010557175 120
1675249314036 0.015534603036940098 121
1675249317048 0.015505624935030937 122
1675249319995 0.015468745492398739 123
1675249322775 0.015340697951614857 124
1675249325603 0.015461590141057968 125
1675249328400 0.015403284691274166 126
1675249331182 0.01544672530144453 127
1675249334063 0.015262877568602562 128
1675249337401 0.015220928937196732 129
1675249340364 0.015261031687259674 130
1675249343134 0.01526419073343277 131
1675249346237 0.015483977273106575 132
1675249349351 0.015382143668830395 133
1675249352310 0.01539139449596405 134
1675249355129 0.015337007120251656 135
1675249357844 0.015335210599005222 136
1675249360586 0.015195720829069614 137
1675249363290 0.015474307350814342 138
1675249366211 0.015347220003604889 139
1675249368930 0.015263156034052372 140
1675249371728 0.015361650846898556 141
1675249374818 0.015540136955678463 142
1675249377675 0.015353081747889519 143
1675249380407 0.015277555212378502 144
1675249383126 0.015592887066304684 145
1675249385892 0.015624885447323322 146
1675249388565 0.015102316625416279 147
1675249391231 0.015475530177354813 148
1675249393920 0.015343180857598782 149
