1675766260274 0.5055674910545349 0
1675766263693 0.4926130771636963 1
1675766267107 0.4792018234729767 2
1675766270712 0.460816353559494 3
1675766274595 0.4431706666946411 4
1675766277810 0.42120927572250366 5
1675766281124 0.38562899827957153 6
1675766284293 0.4591408371925354 7
1675766287469 0.3981821835041046 8
1675766290707 0.367234468460083 9
1675766294130 0.36970484256744385 10
1675766297312 0.3589308261871338 11
1675766300869 0.3222402334213257 12
1675766304532 0.30679789185523987 13
1675766308212 0.3181288540363312 14
1675766311945 0.2912288010120392 15
1675766315225 0.28663477301597595 16
1675766318501 0.28193220496177673 17
1675766321751 0.26707878708839417 18
1675766325086 0.2591829299926758 19
1675766328274 0.2695535123348236 20
1675766331621 0.25004681944847107 21
1675766334818 0.2488987147808075 22
1675766338017 0.2614229619503021 23
1675766341266 0.2528383731842041 24
1675766344547 0.24919146299362183 25
1675766347700 0.25029486417770386 26
1675766350985 0.24744758009910583 27
1675766354573 0.2386879324913025 28
1675766358254 0.24645432829856873 29
1675766361702 0.2382214367389679 30
1675766365105 0.24873250722885132 31
1675766368376 0.24237719178199768 32
1675766371852 0.24899539351463318 33
1675766375173 0.25501036643981934 34
1675766378452 0.24140052497386932 35
1675766381803 0.24389690160751343 36
1675766385255 0.24189411103725433 37
1675766388443 0.2439708560705185 38
1675766391625 0.2393590658903122 39
1675766394790 0.23736776411533356 40
1675766398039 0.24487580358982086 41
1675766401317 0.24336065351963043 42
1675766404688 0.23933365941047668 43
1675766408076 0.234891876578331 44
1675766412247 0.2519049346446991 45
1675766415986 0.24118672311306 46
1675766419374 0.23434236645698547 47
1675766422565 0.23204612731933594 48
1675766425777 0.23115527629852295 49
1675766428950 0.23633088171482086 50
1675766432286 0.23891519010066986 51
1675766435831 0.240496426820755 52
1675766439341 0.2339407205581665 53
1675766442898 0.2342701554298401 54
1675766446458 0.24371853470802307 55
1675766450400 0.24044477939605713 56
1675766454244 0.23395836353302002 57
1675766457844 0.2354719489812851 58
1675766461475 0.22943830490112305 59
1675766465071 0.2333185076713562 60
1675766468448 0.23170116543769836 61
1675766472161 0.23356622457504272 62
1675766475923 0.2310517579317093 63
1675766479611 0.22960573434829712 64
1675766483059 0.23079529404640198 65
1675766486668 0.22918714582920074 66
1675766490499 0.2328980714082718 67
1675766494331 0.23108269274234772 68
1675766498058 0.22873851656913757 69
1675766501509 0.2310010939836502 70
1675766505059 0.2315099835395813 71
1675766508476 0.22993415594100952 72
1675766512027 0.22549498081207275 73
1675766515732 0.22971166670322418 74
1675766519431 0.22892607748508453 75
1675766522926 0.23026329278945923 76
1675766526488 0.2302779108285904 77
1675766529768 0.22894415259361267 78
1675766532941 0.22662657499313354 79
1675766536283 0.2303301990032196 80
1675766539488 0.22404704988002777 81
1675766542640 0.2220287024974823 82
1675766545953 0.23148679733276367 83
1675766549129 0.2252652496099472 84
1675766552293 0.23250561952590942 85
1675766555496 0.22434094548225403 86
1675766558682 0.22940629720687866 87
1675766561856 0.2220909297466278 88
1675766565054 0.2256806194782257 89
1675766568182 0.22637003660202026 90
1675766571506 0.22502411901950836 91
1675766574789 0.22442536056041718 92
1675766577964 0.22684796154499054 93
1675766581174 0.22889363765716553 94
1675766584384 0.22140903770923615 95
1675766587513 0.23132503032684326 96
1675766590809 0.22683526575565338 97
1675766593972 0.22570477426052094 98
1675766597163 0.23095747828483582 99
1675766600359 0.22586867213249207 100
1675766603533 0.23043249547481537 101
1675766606735 0.23248876631259918 102
1675766609922 0.22330112755298615 103
1675766613089 0.23064041137695312 104
1675766616312 0.2267170548439026 105
1675766619505 0.2270716279745102 106
1675766622638 0.23023010790348053 107
1675766625950 0.2290981113910675 108
1675766629220 0.2276032269001007 109
1675766632395 0.22828057408332825 110
1675766635588 0.220169797539711 111
1675766638752 0.2293684333562851 112
1675766641928 0.22666285932064056 113
1675766645139 0.2240755409002304 114
1675766648279 0.22630934417247772 115
1675766651661 0.22839605808258057 116
1675766655026 0.22513243556022644 117
1675766658184 0.2308582216501236 118
1675766661488 0.22604261338710785 119
1675766664673 0.22646990418434143 120
1675766667853 0.22353583574295044 121
1675766671080 0.22501122951507568 122
1675766674262 0.2191942185163498 123
1675766677441 0.22682490944862366 124
1675766680695 0.22361992299556732 125
1675766684119 0.22175180912017822 126
1675766687337 0.2225620150566101 127
1675766690527 0.22524578869342804 128
1675766693639 0.22486339509487152 129
1675766696750 0.22395704686641693 130
1675766699839 0.2237929403781891 131
1675766702918 0.22630080580711365 132
1675766706017 0.22670039534568787 133
1675766709145 0.22309115529060364 134
1675766712268 0.22124408185482025 135
1675766715432 0.22713550925254822 136
1675766718554 0.21879731118679047 137
1675766721739 0.22342155873775482 138
1675766724972 0.22018231451511383 139
1675766728083 0.2218157947063446 140
1675766731260 0.22413688898086548 141
1675766734565 0.2218465805053711 142
1675766737696 0.22466005384922028 143
1675766740834 0.22421976923942566 144
1675766743952 0.22692012786865234 145
1675766747088 0.23083779215812683 146
1675766750277 0.22228379547595978 147
1675766753398 0.22092226147651672 148
1675766756587 0.22442610561847687 149
