1676888868072 0.44881585240364075 0
1676888871836 0.4262683093547821 1
1676888875629 0.4017989933490753 2
1676888879605 0.36799487471580505 3
1676888883817 0.35515373945236206 4
1676888887466 0.3814080059528351 5
1676888891070 0.3555927574634552 6
1676888894715 0.34923744201660156 7
1676888898409 0.3354356288909912 8
1676888901987 0.2918094992637634 9
1676888905649 0.270937979221344 10
1676888909731 0.25952088832855225 11
1676888913521 0.23805879056453705 12
1676888917034 0.2223295122385025 13
1676888920791 0.2199675589799881 14
1676888924443 0.21450069546699524 15
1676888928104 0.2116031050682068 16
1676888931651 0.20440290868282318 17
1676888935254 0.2026030421257019 18
1676888939220 0.20186060667037964 19
1676888943418 0.19717305898666382 20
1676888947249 0.19467708468437195 21
1676888950991 0.19682660698890686 22
1676888954778 0.19950176775455475 23
1676888958489 0.19258256256580353 24
1676888962539 0.19700008630752563 25
1676888966231 0.19497425854206085 26
1676888969817 0.19448789954185486 27
1676888973383 0.18960148096084595 28
1676888976950 0.19025930762290955 29
1676888980786 0.1897728592157364 30
1676888984560 0.19129779934883118 31
1676888988192 0.18896737694740295 32
1676888992010 0.18898525834083557 33
1676888995713 0.1887192279100418 34
1676888999338 0.1935931146144867 35
1676889003102 0.19121834635734558 36
1676889007231 0.18976500630378723 37
1676889012078 0.18708127737045288 38
1676889016263 0.1882576048374176 39
1676889020096 0.19146347045898438 40
1676889023947 0.18583786487579346 41
1676889027639 0.18340912461280823 42
1676889031447 0.19063083827495575 43
1676889035542 0.1867900788784027 44
1676889039296 0.18546777963638306 45
1676889042954 0.18970239162445068 46
1676889046511 0.18467451632022858 47
1676889050135 0.1822316199541092 48
1676889053822 0.18453799188137054 49
1676889057575 0.18531586229801178 50
1676889061170 0.18459923565387726 51
1676889065158 0.18478238582611084 52
1676889069189 0.18203014135360718 53
1676889073616 0.1776794195175171 54
1676889077726 0.1826898753643036 55
1676889081986 0.1803296059370041 56
1676889085878 0.1820284128189087 57
1676889089854 0.18024736642837524 58
1676889093751 0.1833084374666214 59
1676889097698 0.1753890961408615 60
1676889101350 0.18335053324699402 61
1676889104933 0.18183733522891998 62
1676889108542 0.17969490587711334 63
1676889112105 0.18185164034366608 64
1676889115965 0.18224377930164337 65
1676889119496 0.18406744301319122 66
1676889123043 0.18307819962501526 67
1676889126558 0.1835019290447235 68
1676889130576 0.1771506667137146 69
1676889134173 0.17572472989559174 70
1676889137779 0.17981615662574768 71
1676889141526 0.17819885909557343 72
1676889145110 0.17614303529262543 73
1676889148649 0.17857225239276886 74
1676889152310 0.1771487146615982 75
1676889156444 0.1807313710451126 76
1676889160756 0.17865219712257385 77
1676889164961 0.1809203326702118 78
1676889169070 0.17880263924598694 79
1676889172979 0.17874674499034882 80
1676889176723 0.17946051061153412 81
1676889180283 0.17705221474170685 82
1676889183809 0.18012695014476776 83
1676889187373 0.18393492698669434 84
1676889191035 0.18112491071224213 85
1676889194809 0.17563164234161377 86
1676889198395 0.17981001734733582 87
1676889201955 0.1813429892063141 88
1676889205658 0.17776143550872803 89
1676889209144 0.17963899672031403 90
1676889212714 0.18592271208763123 91
1676889216345 0.18415029346942902 92
1676889219930 0.18430042266845703 93
1676889223536 0.18194934725761414 94
1676889227097 0.17874635756015778 95
1676889230689 0.17676040530204773 96
1676889234263 0.17700664699077606 97
1676889237841 0.17975571751594543 98
1676889241437 0.17876610159873962 99
1676889245038 0.17503246665000916 100
1676889248693 0.17567746341228485 101
1676889252271 0.18070603907108307 102
1676889255832 0.1765945851802826 103
1676889259405 0.18162402510643005 104
1676889263000 0.1751168668270111 105
1676889266582 0.1760835498571396 106
1676889270265 0.176777184009552 107
1676889273849 0.17578312754631042 108
1676889277465 0.1771559864282608 109
1676889281157 0.1804497092962265 110
1676889284789 0.1742793470621109 111
1676889288392 0.1783369928598404 112
1676889292055 0.17604944109916687 113
1676889295669 0.17596861720085144 114
1676889299234 0.17610414326190948 115
1676889302817 0.1820925921201706 116
1676889306400 0.1755981147289276 117
1676889309994 0.1741148978471756 118
1676889313589 0.1754371076822281 119
1676889317165 0.1773633062839508 120
1676889320776 0.17481409013271332 121
1676889324300 0.17268380522727966 122
1676889327880 0.17153510451316833 123
1676889331458 0.1747523695230484 124
1676889334940 0.1768789291381836 125
1676889338527 0.17389535903930664 126
1676889342116 0.17330926656723022 127
1676889346106 0.1741829812526703 128
1676889349931 0.17420263588428497 129
1676889353426 0.17579366266727448 130
1676889356912 0.17422088980674744 131
1676889360511 0.1744130402803421 132
1676889364009 0.17359505593776703 133
1676889367641 0.17746691405773163 134
1676889371480 0.17619375884532928 135
1676889375344 0.17515355348587036 136
1676889378895 0.17707419395446777 137
1676889382509 0.17199422419071198 138
1676889386155 0.1699441522359848 139
1676889389745 0.17372509837150574 140
1676889393440 0.17214198410511017 141
1676889397163 0.17173509299755096 142
1676889400772 0.17568641901016235 143
1676889404247 0.17714698612689972 144
1676889407700 0.17364850640296936 145
1676889411185 0.17164333164691925 146
1676889414679 0.17373941838741302 147
1676889418148 0.1745377480983734 148
1676889421665 0.17606067657470703 149
