1675246074321 0.2214411348104477 0
1675246077032 0.19172987341880798 1
1675246079704 0.171927809715271 2
1675246082517 0.16136537492275238 3
1675246085220 0.1387912780046463 4
1675246087986 0.12795881927013397 5
1675246090784 0.12168251723051071 6
1675246093470 0.11933980137109756 7
1675246096158 0.11850623786449432 8
1675246098861 0.11524635553359985 9
1675246101425 0.11417496204376221 10
1675246104127 0.10624541342258453 11
1675246106674 0.10140896588563919 12
1675246109237 0.1046949028968811 13
1675246111800 0.10458727926015854 14
1675246114346 0.102329321205616 15
1675246116908 0.09901585429906845 16
1675246119487 0.08954674750566483 17
1675246122159 0.09623823314905167 18
1675246124737 0.09152062982320786 19
1675246127300 0.09223227947950363 20
1675246129940 0.09063754975795746 21
1675246132568 0.09502044320106506 22
1675246135207 0.08812229335308075 23
1675246137800 0.08247252553701401 24
1675246140425 0.08790577203035355 25
1675246143066 0.08718100190162659 26
1675246145701 0.08295253664255142 27
1675246148363 0.08253534138202667 28
1675246151004 0.09342687577009201 29
1675246153613 0.08404867351055145 30
1675246156160 0.08634598553180695 31
1675246158693 0.08056314289569855 32
1675246161223 0.07938197255134583 33
1675246163723 0.07874573767185211 34
1675246166270 0.07638300210237503 35
1675246168786 0.07626461982727051 36
1675246171317 0.07722494006156921 37
1675246173895 0.07494816184043884 38
1675246176520 0.07353224605321884 39
1675246179146 0.07500427961349487 40
1675246181803 0.07459729164838791 41
1675246184333 0.07210728526115417 42
1675246186847 0.07252442091703415 43
1675246189380 0.0694521814584732 44
1675246191895 0.06923381984233856 45
1675246194427 0.06797350198030472 46
1675246196974 0.06922359764575958 47
1675246199506 0.06650523841381073 48
1675246202021 0.06826068460941315 49
1675246204553 0.06904863566160202 50
1675246207115 0.0657048150897026 51
1675246209693 0.0626303032040596 52
1675246212225 0.06556594371795654 53
1675246214772 0.06785663962364197 54
1675246217397 0.06356769800186157 55
1675246219943 0.06542187184095383 56
1675246222584 0.06617464870214462 57
1675246225163 0.06592707335948944 58
1675246227695 0.06537099927663803 59
1675246230210 0.06376098841428757 60
1675246232694 0.06251005083322525 61
1675246235225 0.06107179820537567 62
1675246237742 0.062178824096918106 63
1675246240241 0.06098390370607376 64
1675246242757 0.061630330979824066 65
1675246245257 0.06354174017906189 66
1675246247757 0.06006023287773132 67
1675246250318 0.0626646876335144 68
1675246253021 0.06224573403596878 69
1675246255593 0.0605291910469532 70
1675246258527 0.06361018121242523 71
1675246261485 0.060064565390348434 72
1675246264360 0.06372350454330444 73
1675246266999 0.06082253158092499 74
1675246269586 0.06141974404454231 75
1675246272203 0.061769742518663406 76
1675246274802 0.06035476177930832 77
1675246277398 0.06129533052444458 78
1675246280221 0.06288862228393555 79
1675246282834 0.05666470155119896 80
1675246285933 0.05889049172401428 81
1675246288462 0.05809425935149193 82
1675246291017 0.0568271242082119 83
1675246293495 0.05814797803759575 84
1675246296100 0.06022678688168526 85
1675246298683 0.061969708651304245 86
1675246301152 0.059683408588171005 87
1675246303705 0.059145137667655945 88
1675246306314 0.05796726420521736 89
1675246308805 0.05589430406689644 90
1675246311328 0.057891469448804855 91
1675246313873 0.058494724333286285 92
1675246316357 0.0556827113032341 93
1675246318857 0.053678713738918304 94
1675246321424 0.05472388491034508 95
1675246324002 0.055543966591358185 96
1675246326689 0.05404682829976082 97
1675246329593 0.05296696722507477 98
1675246332364 0.05631173402070999 99
1675246335115 0.0549885556101799 100
1675246337953 0.05291595682501793 101
1675246340661 0.05745770409703255 102
1675246343401 0.05361717566847801 103
1675246346105 0.0530259944498539 104
1675246348771 0.05564827844500542 105
1675246351469 0.05674302205443382 106
1675246354165 0.054586559534072876 107
1675246356839 0.053878653794527054 108
1675246359518 0.054769404232501984 109
1675246362193 0.05109943822026253 110
1675246364885 0.057345516979694366 111
1675246367583 0.05861886590719223 112
1675246370188 0.057618990540504456 113
1675246372771 0.05809355899691582 114
1675246375309 0.056274618953466415 115
1675246377949 0.05349345505237579 116
1675246380559 0.05469416826963425 117
1675246383059 0.05340677499771118 118
1675246385575 0.05261707678437233 119
1675246388090 0.05473175644874573 120
1675246390606 0.05327408015727997 121
1675246393122 0.05906391516327858 122
1675246395638 0.05313416197896004 123
1675246398154 0.053299158811569214 124
1675246400669 0.05444610118865967 125
1675246403258 0.05067808926105499 126
1675246405950 0.05427640676498413 127
1675246408810 0.05353624001145363 128
1675246411654 0.05179139971733093 129
1675246415462 0.05231232941150665 130
1675246419572 0.054016511887311935 131
1675246422766 0.05033531412482262 132
1675246425951 0.05270804837346077 133
1675246429035 0.055708520114421844 134
1675246431952 0.05266286060214043 135
1675246434757 0.05117960646748543 136
1675246437371 0.050401441752910614 137
1675246439966 0.05338769033551216 138
1675246442750 0.05150222405791283 139
1675246445503 0.05046748369932175 140
1675246448062 0.051909737288951874 141
1675246450604 0.053176406770944595 142
1675246453151 0.05161111429333687 143
1675246455748 0.05048827454447746 144
1675246458470 0.05264045670628548 145
1675246461247 0.05096057802438736 146
1675246464126 0.05283627659082413 147
1675246466950 0.05278473719954491 148
1675246469708 0.05232301354408264 149
