1675250574547 0.2641301453113556 0
1675250577345 0.2536872625350952 1
1675250580266 0.24111227691173553 2
1675250583126 0.2278837263584137 3
1675250586034 0.21487629413604736 4
1675250588923 0.20139986276626587 5
1675250591798 0.19395966827869415 6
1675250594691 0.17870154976844788 7
1675250597642 0.16218119859695435 8
1675250600517 0.16219687461853027 9
1675250603391 0.13869298994541168 10
1675250606299 0.12919199466705322 11
1675250609064 0.1162031963467598 12
1675250611799 0.12564897537231445 13
1675250614596 0.10306598991155624 14
1675250617346 0.10130805522203445 15
1675250620096 0.09440165758132935 16
1675250622830 0.09762147814035416 17
1675250625596 0.08846822381019592 18
1675250628331 0.08571159094572067 19
1675250631130 0.09472323209047318 20
1675250633864 0.08642785996198654 21
1675250636582 0.08538651466369629 22
1675250639347 0.07647877186536789 23
1675250642113 0.0809033066034317 24
1675250644878 0.08301764726638794 25
1675250647644 0.0790073573589325 26
1675250650393 0.07814773172140121 27
1675250653160 0.07778702676296234 28
1675250655925 0.07431098818778992 29
1675250658644 0.07381196320056915 30
1675250661441 0.07266999781131744 31
1675250664207 0.07707200199365616 32
1675250666988 0.07087664306163788 33
1675250669785 0.06683126837015152 34
1675250672582 0.07075422257184982 35
1675250675377 0.06835608929395676 36
1675250678161 0.07188792526721954 37
1675250680958 0.06675876677036285 38
1675250683743 0.06747588515281677 39
1675250686489 0.06612574309110641 40
1675250689270 0.06581147760152817 41
1675250692161 0.06572866439819336 42
1675250694958 0.06207873672246933 43
1675250697817 0.06308308988809586 44
1675250700677 0.060572896152734756 45
1675250703865 0.060661107301712036 46
1675250706688 0.06527333706617355 47
1675250709615 0.06046242639422417 48
1675250712427 0.058726683259010315 49
1675250715365 0.059134919196367264 50
1675250718210 0.062317732721567154 51
1675250721163 0.06070929020643234 52
1675250723990 0.05669642239809036 53
1675250726803 0.05916754901409149 54
1675250729616 0.05698063597083092 55
1675250732491 0.057090044021606445 56
1675250735412 0.052995339035987854 57
1675250738241 0.06008315458893776 58
1675250741228 0.05440345034003258 59
1675250744070 0.055316079407930374 60
1675250746898 0.05326468497514725 61
1675250749742 0.05284659191966057 62
1675250752632 0.05502120405435562 63
1675250755429 0.05153112858533859 64
1675250758226 0.05790073797106743 65
1675250761133 0.0575173981487751 66
1675250763945 0.05405362695455551 67
1675250766752 0.05075249448418617 68
1675250769554 0.05266232416033745 69
1675250772351 0.05570727959275246 70
1675250775212 0.05536908656358719 71
1675250778070 0.05092405527830124 72
1675250780836 0.051974594593048096 73
1675250783617 0.0508919358253479 74
1675250786430 0.053482767194509506 75
1675250789305 0.05120762065052986 76
1675250792102 0.05222351849079132 77
1675250794977 0.05559408664703369 78
1675250797915 0.05552814155817032 79
1675250800665 0.05170191079378128 80
1675250803616 0.05225415900349617 81
1675250806452 0.051334794610738754 82
1675250809337 0.050645433366298676 83
1675250812243 0.052372127771377563 84
1675250815134 0.048238035291433334 85
1675250817915 0.050500351935625076 86
1675250820713 0.048498544842004776 87
1675250823589 0.04903382435441017 88
1675250826339 0.04809802398085594 89
1675250829119 0.05183550715446472 90
1675250831869 0.04872310534119606 91
1675250834635 0.04860689118504524 92
1675250837416 0.04893301799893379 93
1675250840182 0.04976040497422218 94
1675250842995 0.05061184987425804 95
1675250845807 0.04891304299235344 96
1675250848542 0.04464736208319664 97
1675250851323 0.04753270745277405 98
1675250854085 0.05059191957116127 99
1675250856854 0.05139584466814995 100
1675250859636 0.048224110156297684 101
1675250862433 0.051102906465530396 102
1675250865215 0.049375444650650024 103
1675250868027 0.049272309988737106 104
1675250870792 0.047206420451402664 105
1675250873605 0.04677392169833183 106
1675250876448 0.04687376320362091 107
1675250879308 0.04808718338608742 108
1675250882246 0.045080170035362244 109
1675250885043 0.049088142812252045 110
1675250887966 0.04722203314304352 111
1675250890746 0.048396967351436615 112
1675250893527 0.04858570173382759 113
1675250896340 0.046590421348810196 114
1675250899215 0.04783128947019577 115
1675250902106 0.04398823156952858 116
1675250904919 0.045076195150613785 117
1675250907701 0.047587525099515915 118
1675250910512 0.045530449599027634 119
1675250913418 0.04661792516708374 120
1675250916263 0.045573681592941284 121
1675250919091 0.047481004148721695 122
1675250922029 0.047136466950178146 123
1675250924825 0.043390337377786636 124
1675250927654 0.0454542376101017 125
1675250930482 0.04440148174762726 126
1675250933419 0.044497936964035034 127
1675250936232 0.047075703740119934 128
1675250939154 0.04279505833983421 129
1675250941952 0.0452694334089756 130
1675250944779 0.04674007371068001 131
1675250947592 0.047413747757673264 132
1675250950467 0.053020477294921875 133
1675250953342 0.05188168212771416 134
1675250956265 0.04692995175719261 135
1675250959061 0.04698878154158592 136
1675250961890 0.04568023607134819 137
1675250964718 0.04410118609666824 138
1675250967530 0.04465731605887413 139
1675250970482 0.04495130106806755 140
1675250973311 0.047097232192754745 141
1675250976233 0.0462849922478199 142
1675250979061 0.04454432427883148 143
1675250981842 0.04425922781229019 144
1675250984639 0.04175883159041405 145
1675250987405 0.043031491339206696 146
1675250990202 0.04215453565120697 147
1675250992999 0.045404158532619476 148
1675250995796 0.043425507843494415 149
