1675416370545 0.3229649066925049 0
1675416373295 0.305926650762558 1
1675416375977 0.29610103368759155 2
1675416378818 0.28433316946029663 3
1675416381485 0.27410322427749634 4
1675416384122 0.2613571882247925 5
1675416386840 0.25182220339775085 6
1675416389469 0.23950494825839996 7
1675416392079 0.22864799201488495 8
1675416394731 0.21856430172920227 9
1675416397333 0.20723474025726318 10
1675416399948 0.1948557198047638 11
1675416402566 0.1854153573513031 12
1675416405134 0.17349641025066376 13
1675416407713 0.16835814714431763 14
1675416410305 0.1616770625114441 15
1675416412883 0.15968728065490723 16
1675416415450 0.14765840768814087 17
1675416418033 0.15120920538902283 18
1675416420664 0.1483795940876007 19
1675416423285 0.1400001049041748 20
1675416425984 0.15278692543506622 21
1675416428613 0.14530643820762634 22
1675416431217 0.13564077019691467 23
1675416433893 0.13700874149799347 24
1675416436928 0.12750765681266785 25
1675416439761 0.13183236122131348 26
1675416442682 0.14311400055885315 27
1675416445491 0.1401946246623993 28
1675416448415 0.1372142732143402 29
1675416451224 0.13393868505954742 30
1675416454025 0.1293264776468277 31
1675416456852 0.1290903240442276 32
1675416459433 0.12497452646493912 33
1675416462005 0.12266670912504196 34
1675416464553 0.12834109365940094 35
1675416467105 0.131393700838089 36
1675416469652 0.12237603217363358 37
1675416472318 0.12264419347047806 38
1675416474902 0.12127964943647385 39
1675416477618 0.12762290239334106 40
1675416480434 0.1259148120880127 41
1675416482983 0.12559804320335388 42
1675416485569 0.12039598077535629 43
1675416488151 0.11839017271995544 44
1675416490751 0.13441385328769684 45
1675416493343 0.12537257373332977 46
1675416495919 0.12008435279130936 47
1675416498499 0.1146838441491127 48
1675416501087 0.11803840845823288 49
1675416503969 0.11689485609531403 50
1675416506797 0.11730897426605225 51
1675416509355 0.11292099207639694 52
1675416512035 0.11716753244400024 53
1675416514671 0.11632691323757172 54
1675416517329 0.11478910595178604 55
1675416519903 0.11613813787698746 56
1675416522572 0.11321286112070084 57
1675416525138 0.11152727156877518 58
1675416527685 0.11004699021577835 59
1675416530322 0.11287351697683334 60
1675416532939 0.11345625668764114 61
1675416535570 0.11328817903995514 62
1675416538241 0.11088506132364273 63
1675416540856 0.11183114349842072 64
1675416543437 0.11802507936954498 65
1675416546021 0.11033819615840912 66
1675416548603 0.10952676087617874 67
1675416551239 0.10772554576396942 68
1675416553873 0.1102791503071785 69
1675416556456 0.10816701501607895 70
1675416559021 0.10803142189979553 71
1675416561671 0.10999004542827606 72
1675416564237 0.10703572630882263 73
1675416566856 0.10746857523918152 74
1675416569554 0.10878197848796844 75
1675416572142 0.10518598556518555 76
1675416574725 0.10620108991861343 77
1675416577391 0.10596161335706711 78
1675416580056 0.10626636445522308 79
1675416582726 0.10882571339607239 80
1675416585314 0.10910545289516449 81
1675416587887 0.10665393620729446 82
1675416590458 0.11224807053804398 83
1675416593023 0.1082218587398529 84
1675416595607 0.1045796200633049 85
1675416598272 0.10543055087327957 86
1675416600906 0.10280835628509521 87
1675416603492 0.10569682717323303 88
1675416606056 0.10458608716726303 89
1675416608639 0.10669143497943878 90
1675416611288 0.10532097518444061 91
1675416613958 0.10434892773628235 92
1675416616625 0.10327990353107452 93
1675416619188 0.105873242020607 94
1675416621824 0.10641351342201233 95
1675416624391 0.1043105199933052 96
1675416626972 0.10400403290987015 97
1675416629539 0.10752411931753159 98
1675416632124 0.104036346077919 99
1675416634761 0.10639296472072601 100
1675416637507 0.10566258430480957 101
1675416640092 0.1041354387998581 102
1675416642659 0.10425778478384018 103
1675416645223 0.10621579736471176 104
1675416647843 0.10587498545646667 105
1675416650441 0.10609815269708633 106
1675416653077 0.10551489144563675 107
1675416655675 0.10636768490076065 108
1675416658240 0.11173003911972046 109
1675416660841 0.11120334267616272 110
1675416663409 0.10505397617816925 111
1675416666011 0.10834094136953354 112
1675416668642 0.10926304012537003 113
1675416671209 0.10888601094484329 114
1675416673897 0.10861298441886902 115
1675416676477 0.10759534686803818 116
1675416679127 0.10480865091085434 117
1675416681711 0.10559414327144623 118
1675416684358 0.10569244623184204 119
1675416686925 0.1025100126862526 120
1675416689625 0.10306911915540695 121
1675416692228 0.10170577466487885 122
1675416694861 0.104632668197155 123
1675416697443 0.10490314662456512 124
1675416700111 0.1016019731760025 125
1675416702908 0.10387373715639114 126
1675416705527 0.10385441780090332 127
1675416708127 0.10118754953145981 128
1675416710744 0.09994583576917648 129
1675416713376 0.10112045705318451 130
1675416715975 0.10151372849941254 131
1675416718576 0.10375220328569412 132
1675416721160 0.09999892115592957 133
1675416723748 0.10170071572065353 134
1675416726312 0.10234584659337997 135
1675416729021 0.10318326205015182 136
1675416731877 0.10363367944955826 137
1675416734552 0.10406501591205597 138
1675416737196 0.10146464407444 139
1675416739837 0.10168523341417313 140
1675416742670 0.10087352246046066 141
1675416745558 0.10261940211057663 142
1675416748592 0.09757068753242493 143
1675416751465 0.09975026547908783 144
1675416754352 0.1005130186676979 145
1675416757206 0.09980524331331253 146
1675416760104 0.10049975663423538 147
1675416762966 0.10208822786808014 148
1675416765840 0.102055124938488 149
