1675248462229 0.2612040936946869 0
1675248465088 0.2456836998462677 1
1675248467903 0.23101818561553955 2
1675248470813 0.21475598216056824 3
1675248473606 0.20378561317920685 4
1675248476419 0.19395530223846436 5
1675248479200 0.17932461202144623 6
1675248481997 0.16530054807662964 7
1675248484825 0.15608029067516327 8
1675248487721 0.1335335671901703 9
1675248490423 0.1298278570175171 10
1675248493048 0.11832307279109955 11
1675248495657 0.10878413915634155 12
1675248498282 0.10331954061985016 13
1675248500951 0.0904400423169136 14
1675248503576 0.08007961511611938 15
1675248506185 0.07742200046777725 16
1675248508905 0.07693112641572952 17
1675248511686 0.11184921115636826 18
1675248514368 0.09724482893943787 19
1675248517146 0.08628208935260773 20
1675248519849 0.08035580813884735 21
1675248522569 0.0746554359793663 22
1675248525560 0.06559010595083237 23
1675248528245 0.06320621073246002 24
1675248530945 0.059487733989953995 25
1675248533612 0.06183231249451637 26
1675248536484 0.06149792671203613 27
1675248539494 0.05689815804362297 28
1675248542447 0.05624866113066673 29
1675248545166 0.05484994873404503 30
1675248547847 0.049739398062229156 31
1675248550504 0.04573352262377739 32
1675248553144 0.04833216220140457 33
1675248555769 0.045542698353528976 34
1675248558738 0.04248318821191788 35
1675248561427 0.04679448530077934 36
1675248564067 0.04453221336007118 37
1675248566692 0.04239137843251228 38
1675248569342 0.041316211223602295 39
1675248571962 0.040740400552749634 40
1675248574675 0.038103148341178894 41
1675248577429 0.03922244906425476 42
1675248580069 0.03856780752539635 43
1675248582701 0.03771784156560898 44
1675248585339 0.03801874443888664 45
1675248587979 0.03470558300614357 46
1675248590604 0.0352524071931839 47
1675248593229 0.03312835097312927 48
1675248595953 0.03405719995498657 49
1675248599151 0.03296303004026413 50
1675248601982 0.032107047736644745 51
1675248604656 0.03329714015126228 52
1675248607362 0.031457316130399704 53
1675248610209 0.03197073936462402 54
1675248612912 0.03162367269396782 55
1675248615537 0.03153059259057045 56
1675248618209 0.031796764582395554 57
1675248620881 0.030727475881576538 58
1675248623589 0.03075825423002243 59
1675248626261 0.028521878644824028 60
1675248628933 0.02925400249660015 61
1675248631636 0.027834853157401085 62
1675248634478 0.02666924148797989 63
1675248637181 0.028548501431941986 64
1675248639893 0.027008846402168274 65
1675248642821 0.027530889958143234 66
1675248645960 0.026295272633433342 67
1675248648986 0.025487130507826805 68
1675248652083 0.025862881913781166 69
1675248655055 0.024166274815797806 70
1675248658046 0.0264210794121027 71
1675248661009 0.02458234131336212 72
1675248663784 0.025212697684764862 73
1675248666498 0.024972325190901756 74
1675248669289 0.023676015436649323 75
1675248671961 0.02417926862835884 76
1675248674633 0.02314985916018486 77
1675248677274 0.023832345381379128 78
1675248680456 0.023942910134792328 79
1675248683588 0.023308737203478813 80
1675248686404 0.02390436641871929 81
1675248689198 0.02183939330279827 82
1675248691987 0.022426309064030647 83
1675248694730 0.022179439663887024 84
1675248697641 0.023866746574640274 85
1675248700418 0.023879745975136757 86
1675248703203 0.022276291623711586 87
1675248705896 0.021892007440328598 88
1675248708709 0.02061520516872406 89
1675248711395 0.021101301535964012 90
1675248714084 0.021446360275149345 91
1675248716902 0.020176900550723076 92
1675248719633 0.02166522853076458 93
1675248722721 0.021495290100574493 94
1675248725803 0.021062210202217102 95
1675248728836 0.020942658185958862 96
1675248732041 0.021202927455306053 97
1675248735095 0.021659843623638153 98
1675248738133 0.02047150395810604 99
1675248741179 0.020455259829759598 100
1675248744205 0.01990807056427002 101
1675248747121 0.0192771777510643 102
1675248749860 0.0199038777500391 103
1675248752580 0.01942477561533451 104
1675248755314 0.01960115134716034 105
1675248757986 0.020462069660425186 106
1675248760683 0.018776796758174896 107
1675248763401 0.01944025233387947 108
1675248766104 0.01932547241449356 109
1675248769433 0.019864648580551147 110
1675248772127 0.01934770494699478 111
1675248774893 0.018889443948864937 112
1675248777549 0.019019899889826775 113
1675248780221 0.019192999228835106 114
1675248783012 0.019295433536171913 115
1675248785822 0.019062181934714317 116
1675248788657 0.020111210644245148 117
1675248791465 0.018675629049539566 118
1675248794237 0.01940629445016384 119
1675248796974 0.018699651584029198 120
1675248799751 0.01853110082447529 121
1675248802504 0.01928134448826313 122
1675248805191 0.01930176466703415 123
1675248807866 0.01842585764825344 124
1675248810608 0.01832445338368416 125
1675248813287 0.017921453341841698 126
1675248816100 0.017966724932193756 127
1675248818836 0.017971672117710114 128
1675248821660 0.0188966803252697 129
1675248824378 0.018260635435581207 130
1675248827160 0.01829279027879238 131
1675248830059 0.017522582784295082 132
1675248833023 0.01776166260242462 133
1675248835990 0.01824323832988739 134
1675248838762 0.018226616084575653 135
1675248841433 0.017667386680841446 136
1675248844207 0.017854465171694756 137
1675248847005 0.017066972330212593 138
1675248849922 0.01723901554942131 139
1675248852760 0.017371397465467453 140
1675248855567 0.017962029203772545 141
1675248858283 0.01776278018951416 142
1675248860985 0.01730671152472496 143
1675248863735 0.017543258145451546 144
1675248866393 0.01707477681338787 145
1675248869196 0.01767696440219879 146
1675248872051 0.01802610419690609 147
1675248874817 0.017211230471730232 148
1675248877553 0.01678481511771679 149
