1675249505034 0.27038824558258057 0
1675249508113 0.24876351654529572 1
1675249511453 0.23380039632320404 2
1675249514501 0.2254120111465454 3
1675249517444 0.21831458806991577 4
1675249520424 0.20540384948253632 5
1675249523518 0.1936710774898529 6
1675249526611 0.18473173677921295 7
1675249529502 0.17359374463558197 8
1675249532470 0.1694953739643097 9
1675249535427 0.15630020201206207 10
1675249538341 0.15463636815547943 11
1675249541331 0.14743869006633759 12
1675249544175 0.14020003378391266 13
1675249547181 0.1322229653596878 14
1675249550192 0.13407354056835175 15
1675249552894 0.1253904402256012 16
1675249555639 0.12504582107067108 17
1675249558300 0.123311348259449 18
1675249561175 0.11764945834875107 19
1675249563953 0.11960693448781967 20
1675249567056 0.11714524775743484 21
1675249569844 0.11242740601301193 22
1675249572519 0.11384351551532745 23
1675249575228 0.10815151780843735 24
1675249577848 0.11044106632471085 25
1675249580682 0.11312659829854965 26
1675249583471 0.10985810309648514 27
1675249586230 0.105778269469738 28
1675249588985 0.1034817174077034 29
1675249591741 0.10352305322885513 30
1675249594439 0.10365796834230423 31
1675249597134 0.1024044081568718 32
1675249600207 0.10299689322710037 33
1675249603216 0.10011216998100281 34
1675249606382 0.09692148864269257 35
1675249609567 0.0993308573961258 36
1675249612446 0.09610605239868164 37
1675249615499 0.0975290909409523 38
1675249618497 0.09591826051473618 39
1675249621452 0.09580446034669876 40
1675249624489 0.0939883142709732 41
1675249627472 0.0928732305765152 42
1675249630407 0.0944645032286644 43
1675249633137 0.08955804258584976 44
1675249636016 0.09397424012422562 45
1675249638993 0.09150028973817825 46
1675249642038 0.09218001365661621 47
1675249644835 0.08970844000577927 48
1675249647913 0.08835538476705551 49
1675249650819 0.08909768611192703 50
1675249653600 0.08977928757667542 51
1675249656418 0.08861082792282104 52
1675249659289 0.08829765766859055 53
1675249662143 0.08883491158485413 54
1675249665396 0.08892099559307098 55
1675249668148 0.08666906505823135 56
1675249670883 0.08744906634092331 57
1675249673758 0.08936328440904617 58
1675249676727 0.08551055938005447 59
1675249679474 0.08610539138317108 60
1675249682305 0.08785755932331085 61
1675249685165 0.08631118386983871 62
1675249687915 0.08569655567407608 63
1675249690696 0.0844702422618866 64
1675249693492 0.08554813265800476 65
1675249696197 0.0832827240228653 66
1675249699024 0.08238489180803299 67
1675249701759 0.0880732610821724 68
1675249704475 0.082571841776371 69
1675249707212 0.08603727072477341 70
1675249709962 0.08279760181903839 71
1675249712728 0.08354569226503372 72
1675249715475 0.08279687911272049 73
1675249718228 0.0839768797159195 74
1675249720963 0.08122172206640244 75
1675249723697 0.08156384527683258 76
1675249726433 0.07908807694911957 77
1675249729244 0.08220387995243073 78
1675249731949 0.08436624705791473 79
1675249734729 0.07879755645990372 80
1675249737433 0.08195765316486359 81
1675249740089 0.07847926765680313 82
1675249742778 0.08010060340166092 83
1675249745477 0.07908131182193756 84
1675249748167 0.07914093881845474 85
1675249750855 0.0809866189956665 86
1675249753558 0.0777910128235817 87
1675249756246 0.07796847075223923 88
1675249758902 0.07903733104467392 89
1675249761731 0.07888247072696686 90
1675249764511 0.07997065782546997 91
1675249767184 0.07709896564483643 92
1675249769965 0.07745181769132614 93
1675249772699 0.07857746630907059 94
1675249775449 0.07693614065647125 95
1675249778183 0.07892167568206787 96
1675249780887 0.07611439377069473 97
1675249783668 0.07917921990156174 98
1675249786434 0.076863132417202 99
1675249789091 0.08267222344875336 100
1675249791762 0.08046093583106995 101
1675249794544 0.07860777527093887 102
1675249797184 0.07830634713172913 103
1675249799825 0.07794588804244995 104
1675249802512 0.07639714330434799 105
1675249805184 0.07975540310144424 106
1675249807953 0.08131775259971619 107
1675249810653 0.07692210376262665 108
1675249813436 0.07972916960716248 109
1675249816123 0.07654113322496414 110
1675249818904 0.08210629224777222 111
1675249821670 0.07933320105075836 112
1675249824435 0.08001361787319183 113
1675249827232 0.07733463495969772 114
1675249829920 0.07850899547338486 115
1675249832591 0.08119013905525208 116
1675249835373 0.07814498245716095 117
1675249838029 0.07669314742088318 118
1675249840670 0.07887673377990723 119
1675249843342 0.07591347396373749 120
1675249846030 0.07619535177946091 121
1675249848655 0.07615573704242706 122
1675249851344 0.07698016613721848 123
1675249854077 0.07843609899282455 124
1675249856874 0.0768749862909317 125
1675249859530 0.07708631455898285 126
1675249862171 0.07841330021619797 127
1675249864859 0.0763942077755928 128
1675249867546 0.07880217581987381 129
1675249870234 0.0762932300567627 130
1675249872906 0.07665445655584335 131
1675249875578 0.08229441940784454 132
1675249878408 0.0774695873260498 133
1675249881093 0.07576577365398407 134
1675249883812 0.07731609791517258 135
1675249886594 0.07447440177202225 136
1675249889359 0.07490573823451996 137
1675249892047 0.07521649450063705 138
1675249894734 0.07503851503133774 139
1675249897516 0.07613757997751236 140
1675249900187 0.08135083317756653 141
1675249902860 0.07770407199859619 142
1675249905532 0.07767027616500854 143
1675249908594 0.07583973556756973 144
1675249911362 0.07716404646635056 145
1675249914095 0.07832885533571243 146
1675249916892 0.07568532973527908 147
1675249919563 0.07608631998300552 148
1675249922204 0.07538088411092758 149
